004eb8620c417301d9dd197c7c021bba65591923e19a851cda70ffa99c0c1970 0.999 2747 1630 2074 3093 1771 2976 2481 1487
004eb8620c417301d9dd197c7c021bba65591923e19a851cda70ffa99c0c1970 0.999 3471 2070 2840 3393 2344 3136 2965 1821
0e87cd2df269581d6badcf07cb8557c8308416bd69c8a39ba8aa3e1d233765be 0.999 2034 1390 2174 1661 917 2281 774 2010
18d6473db627da2a28e94986cc395fb356365fdc0d8e74d85fb02d793867e679 0.999 3045 767 4359 2339 4083 2549 2770 979
18d6473db627da2a28e94986cc395fb356365fdc0d8e74d85fb02d793867e679 0.999 2434 1267 3731 2837 3377 3098 2094 1558
18d6473db627da2a28e94986cc395fb356365fdc0d8e74d85fb02d793867e679 0.999 2047 1638 3296 3174 2731 3612 1484 2063
1a5df1fd6e0a87b7d89057a0cfbbbf101c4cbc498104aa0af0f42755ec27ff71 0.999 3019 2152 2849 2428 1567 1678 1729 1382
23c010db239761daec66c17c7ee8ca2ac934374d8aa770b2ea8ee24f23507e40 0.999 2007 2749 2658 3641 2251 3926 1597 3036
4111e0448010bd0fdcea9a183395685443da9c66d1df535bd9248db6ed63da47 0.999 3077 1312 1683 3261 1429 3074 2832 1136
418db59b5cf269b8ea261ce46e737cf4679d772e64f6ec4d94addbc0f5a90dd6 0.999 3062 672 3170 917 2089 1408 1970 1175
4a53bd7d8198834bcb62a770b79aa22a2f60c4826474c5aadac4c81f0b87f31d 0.999 3494 3019 3171 3508 1169 2188 1504 1704
4a53bd7d8198834bcb62a770b79aa22a2f60c4826474c5aadac4c81f0b87f31d 0.999 3888 2397 3528 2924 1548 1639 1908 1109
5131f9e12a5a6b1a842d2bf46d009be8d50b838dbab5cb15cf142b44285b9665 0.999 3397 1843 3919 2824 3485 3057 2934 2077
59d2974223c11f2f6819468ca4479865ee7bd557ea014df30f702f7155f775c3 0.999 3078 1459 3371 1768 1618 3419 1335 3108
59d2974223c11f2f6819468ca4479865ee7bd557ea014df30f702f7155f775c3 0.999 3479 1867 3748 2152 1986 3819 1720 3521
61ed241db50c46d69e1a0363ebad949d85a78e36c4e1b36cfdb202ba0fac53fa 0.999 3664 3067 3165 3606 1527 1904 2074 1421
63b58e3777c9b821a57210d52402e9ad289025bff5c93621896e2d5c7312c473 0.999 2768 1671 3068 2079 1778 3135 1463 2732
63b58e3777c9b821a57210d52402e9ad289025bff5c93621896e2d5c7312c473 0.999 2442 1257 2697 1545 1368 2633 1130 2338
6bd27c27e3d19fc8c3b2cbddacf4192527f4f8be65500b14ff573267f79853a5 0.999 2745 1729 3037 2143 1715 3136 1417 2719
6eb863cfcb20d281b698f4ff2e565e4c4f4218a9cf7b18236a1c7895098fc725 0.999 3147 3018 2892 3302 1268 1850 1517 1555
7aa89b6fe46b6a46f1743359e8194278d233a58fdedcef24398c6109fbc44461 0.999 2652 2228 2505 2507 1066 1820 1191 1532
7b0c1790308a8a569f447c222d045da6f3a481a6480bff21d1b0396d0ad62316 0.999 3067 720 3591 1793 3171 1996 2661 926
988dfbca2dc06205eb732a4539d0f2d885ae5c4bb709bf9df9c994ac0918131a 0.999 3607 2673 3438 2953 1700 1888 1865 1626
988dfbca2dc06205eb732a4539d0f2d885ae5c4bb709bf9df9c994ac0918131a 0.999 2660 4144 2556 4319 1075 3481 1182 3300
98aa0681e04fc0338200f08eeaa25e5439cfd50146febaf5aa662784cf86110d 0.999 3950 1642 2994 3563 2768 3443 3704 1533
a00d0767da1752000404360414b09fbaa4932d0490e8045d6dabbaa427e43c52 0.999 2528 3265 2261 3901 970 3354 1241 2744
a153d3f52d15272d1d091a6a52e8c8ec707529e97edd899605165067bf829698 0.999 2527 2798 2631 3195 1864 3380 1768 2986
a153d3f52d15272d1d091a6a52e8c8ec707529e97edd899605165067bf829698 0.999 2397 2309 2449 2496 1706 2695 1656 2511
a2a8bdc72c94801f792ccdadf6d68c7e072c5698fff890662fcda32237c5c076 0.999 3011 1546 2017 2864 1680 2610 2679 1286
a372f192077420a300f025979ace2b7324f3bb09edbf1f27c88abdf18da943fb 0.999 2368 1152 2686 1532 1397 2609 1085 2232
a5f8cc0cce908b32cfe4578b9d744ad36255c308b13b0f49b7816325634cfcbe 0.999 3165 3525 2619 4228 922 2869 1473 2169
aac22169ede8bccc5107cb1a0ff067d8d832d7e62eb4395f8272ea6364ddc922 0.999 3292 1931 3646 2380 2113 3595 1777 3173
aac22169ede8bccc5107cb1a0ff067d8d832d7e62eb4395f8272ea6364ddc922 0.999 2769 1216 3178 1708 1569 2973 1174 2501
b0505c9fdaa2cdfacbcdf6e7c3eb885324d0a4f3df848a5f32d45eda69cda53c 0.999 3455 1565 2309 3444 2084 3301 3225 1426
b0505c9fdaa2cdfacbcdf6e7c3eb885324d0a4f3df848a5f32d45eda69cda53c 0.999 4006 1878 2774 3797 2472 3593 3699 1692
b111d0d7218314f5f66144efa75245eea327862abb6d492af24324f5ed9970eb 0.999 2824 3716 2379 4144 909 2707 1370 2281
b111d0d7218314f5f66144efa75245eea327862abb6d492af24324f5ed9970eb 0.999 3344 3164 2941 3598 1515 2165 1948 1754
b1c32fddd0d18cfba457c59231e57f19ef567657b8d7217469b9243a495811db 0.999 3306 2145 3392 2376 1123 3237 1042 3001
b815d78f8007140420f941cd8d408432bff8f15c9f23474c8ec58554571a34f8 0.999 3049 653 2312 3445 1853 3332 2612 538
be3d4e6bf21bd2b0a8593a29d1841e8e821844aedf68722e22730c9f42c8943e 0.999 3200 1619 3348 2696 2940 2750 2789 1680
c178855c710ef3067e2772450b2669a977e62d68e9c886304722a57ea2d8224b 0.999 3108 1916 3363 2254 1892 3387 1638 3057
c178855c710ef3067e2772450b2669a977e62d68e9c886304722a57ea2d8224b 0.999 3431 2374 3643 2648 2192 3780 1988 3526
c178855c710ef3067e2772450b2669a977e62d68e9c886304722a57ea2d8224b 0.999 2934 1509 3043 1666 1497 2853 1391 2709
c3898f606872ac774bd8066e14f535ab67be566164e191576e086b76ad65b023 0.999 1884 1070 1962 1354 623 1746 541 1463
c4e97dae7172eb660d3ae1acde4896ec5d31dabc6615cf2a32fc8486370a2b82 0.999 3073 2547 2995 2900 1845 2618 1931 2258
c4e97dae7172eb660d3ae1acde4896ec5d31dabc6615cf2a32fc8486370a2b82 0.999 2865 3397 2758 3857 1601 3580 1712 3121
d49e904d969b6d09aae8ada8e80ba57ca344e472647628c822500a05e078539a 0.999 3296 1013 3211 1454 1137 979 1237 553
dcf49d83d09f0c81b5e38e4ed0207534edb7e590338824c28db62626ad18d0e7 0.999 3382 1515 2107 3578 1861 3420 3143 1369
f58a57c4a05682e0a4323197bed14dade915bd83f7f0e24a9fb170161b3f7e9c 0.999 2729 2033 3156 2489 2515 3114 2070 2679
f69631514b7942228f426365a7439a6546f23c263de31cfda83c1f5646e5e0df 0.999 2791 4045 2471 4470 560 2995 878 2567
fb4bb7d491da7890fd5851a61f588ec892de4ebee4c0a98a77c859b03cb8e89d 0.999 3920 1772 2634 3814 2365 3641 3659 1627
fe69bdd12c954b657fdd08af5f858fe6bd49beca87aa5d3c9cbd47d3ae6ae990 0.999 1979 910 3129 2526 2179 3185 1031 1594
