004eb8620c417301d9dd197c7c021bba65591923e19a851cda70ffa99c0c1970 0.999 2747 1630 2074 3093 1771 2976 2481 1487
18d6473db627da2a28e94986cc395fb356365fdc0d8e74d85fb02d793867e679 0.999 3045 767 4359 2339 4083 2549 2770 979
18d6473db627da2a28e94986cc395fb356365fdc0d8e74d85fb02d793867e679 0.999 2434 1267 3731 2837 3377 3098 2094 1558
18d6473db627da2a28e94986cc395fb356365fdc0d8e74d85fb02d793867e679 0.999 2047 1638 3296 3174 2731 3612 1484 2063
23c010db239761daec66c17c7ee8ca2ac934374d8aa770b2ea8ee24f23507e40 0.999 2007 2749 2658 3641 2251 3926 1597 3036
4111e0448010bd0fdcea9a183395685443da9c66d1df535bd9248db6ed63da47 0.999 3077 1312 1683 3261 1429 3074 2832 1136
59d2974223c11f2f6819468ca4479865ee7bd557ea014df30f702f7155f775c3 0.999 3078 1459 3371 1768 1618 3419 1335 3108
59d2974223c11f2f6819468ca4479865ee7bd557ea014df30f702f7155f775c3 0.999 3479 1867 3748 2152 1986 3819 1720 3521
61ed241db50c46d69e1a0363ebad949d85a78e36c4e1b36cfdb202ba0fac53fa 0.999 3664 3067 3165 3606 1527 1904 2074 1421
63b58e3777c9b821a57210d52402e9ad289025bff5c93621896e2d5c7312c473 0.999 2768 1671 3068 2079 1778 3135 1463 2732
6bd27c27e3d19fc8c3b2cbddacf4192527f4f8be65500b14ff573267f79853a5 0.999 2745 1729 3037 2143 1715 3136 1417 2719
7aa89b6fe46b6a46f1743359e8194278d233a58fdedcef24398c6109fbc44461 0.999 2652 2228 2505 2507 1066 1820 1191 1532
988dfbca2dc06205eb732a4539d0f2d885ae5c4bb709bf9df9c994ac0918131a 0.999 3607 2673 3438 2953 1700 1888 1865 1626
988dfbca2dc06205eb732a4539d0f2d885ae5c4bb709bf9df9c994ac0918131a 0.999 2660 4144 2556 4319 1075 3481 1182 3300
a00d0767da1752000404360414b09fbaa4932d0490e8045d6dabbaa427e43c52 0.999 2528 3265 2261 3901 970 3354 1241 2744
a372f192077420a300f025979ace2b7324f3bb09edbf1f27c88abdf18da943fb 0.999 2368 1152 2686 1532 1397 2609 1085 2232
b0505c9fdaa2cdfacbcdf6e7c3eb885324d0a4f3df848a5f32d45eda69cda53c 0.999 3455 1565 2309 3444 2084 3301 3225 1426
b111d0d7218314f5f66144efa75245eea327862abb6d492af24324f5ed9970eb 0.999 2824 3716 2379 4144 909 2707 1370 2281
b1c32fddd0d18cfba457c59231e57f19ef567657b8d7217469b9243a495811db 0.999 3306 2145 3392 2376 1123 3237 1042 3001
b815d78f8007140420f941cd8d408432bff8f15c9f23474c8ec58554571a34f8 0.999 3049 653 2312 3445 1853 3332 2612 538
c178855c710ef3067e2772450b2669a977e62d68e9c886304722a57ea2d8224b 0.999 3108 1916 3363 2254 1892 3387 1638 3057
c178855c710ef3067e2772450b2669a977e62d68e9c886304722a57ea2d8224b 0.999 3431 2374 3643 2648 2192 3780 1988 3526
c3898f606872ac774bd8066e14f535ab67be566164e191576e086b76ad65b023 0.999 1884 1070 1962 1354 623 1746 541 1463
c4e97dae7172eb660d3ae1acde4896ec5d31dabc6615cf2a32fc8486370a2b82 0.999 3073 2547 2995 2900 1845 2618 1931 2258
c4e97dae7172eb660d3ae1acde4896ec5d31dabc6615cf2a32fc8486370a2b82 0.999 2865 3397 2758 3857 1601 3580 1712 3121
d49e904d969b6d09aae8ada8e80ba57ca344e472647628c822500a05e078539a 0.999 3296 1013 3211 1454 1137 979 1237 553
dcf49d83d09f0c81b5e38e4ed0207534edb7e590338824c28db62626ad18d0e7 0.999 3382 1515 2107 3578 1861 3420 3143 1369
