00331e8326ffc52da48df480befd5f127f9919dc28ece8329557cdccc394dd76 0.999 2510 2253 2747 2591 1454 3468 1226 3120
004eb8620c417301d9dd197c7c021bba65591923e19a851cda70ffa99c0c1970 0.999 2747 1630 2074 3093 1771 2976 2481 1487
004eb8620c417301d9dd197c7c021bba65591923e19a851cda70ffa99c0c1970 0.999 3471 2070 2840 3393 2344 3136 2965 1821
0c5c838c16b4415036467d66e47d718d86621575d6c69b94ee1f90eb1105dec8 0.999 2593 1456 2126 2969 1821 2874 2307 1357
0d9095e2ae6c6fe44231bd41019000bdab4be126ff6cb45e8ddd2c7c28ff7fe7 0.999 3072 1378 3110 2419 2869 2428 2828 1374
0e87cd2df269581d6badcf07cb8557c8308416bd69c8a39ba8aa3e1d233765be 0.999 2034 1390 2174 1661 917 2281 774 2010
0fe4bfd6a199c080612215eb24855c7b56a30f6f917051d0b008c0799ece7975 0.999 1468 1323 2749 2837 2316 3168 1071 1665
0fe4bfd6a199c080612215eb24855c7b56a30f6f917051d0b008c0799ece7975 0.999 759 1911 1988 3430 1776 3591 552 2078
105ae952d3f3e01ccd0ff397f0b3fa1cb9b2da367f09b17a4367c381586ce4b7 0.999 2431 1525 2592 2118 809 2590 658 1992
10a272b2cafe2ea8d180d2085a373c710fcfe37ff37e8ed8ceb623850354a777 0.999 3560 1296 4372 2789 3779 3054 2955 1553
10a272b2cafe2ea8d180d2085a373c710fcfe37ff37e8ed8ceb623850354a777 0.999 2009 2115 2594 3390 2272 3547 1678 2274
141c4077b68fe2775bad5faef84463e50106793a1c90092313c960df239fff34 0.999 3928 2555 4093 2784 3390 3286 3226 3054
141c4077b68fe2775bad5faef84463e50106793a1c90092313c960df239fff34 0.999 3241 1215 3423 1466 2384 2206 2190 1952
18d6473db627da2a28e94986cc395fb356365fdc0d8e74d85fb02d793867e679 0.999 3045 767 4359 2339 4083 2549 2770 979
18d6473db627da2a28e94986cc395fb356365fdc0d8e74d85fb02d793867e679 0.999 2434 1267 3731 2837 3377 3098 2094 1558
18d6473db627da2a28e94986cc395fb356365fdc0d8e74d85fb02d793867e679 0.999 2047 1638 3296 3174 2731 3612 1484 2063
1a5df1fd6e0a87b7d89057a0cfbbbf101c4cbc498104aa0af0f42755ec27ff71 0.999 3019 2152 2849 2428 1567 1678 1729 1382
1a5df1fd6e0a87b7d89057a0cfbbbf101c4cbc498104aa0af0f42755ec27ff71 0.999 3379 1578 3127 1995 1858 1213 2103 800
1bcb85d53f9f4e9ba2f6cfd1374a9c237e951a5a64d746fc476a5b46e479b875 0.999 3098 1338 1718 3295 1481 3108 2855 1180
223299f78fa4f1d5e7eaa27f13f8020e5c5f92e9a99bac9e760d200053885dae 0.999 2755 630 3495 2171 2640 2564 1932 1019
223299f78fa4f1d5e7eaa27f13f8020e5c5f92e9a99bac9e760d200053885dae 0.999 1079 1400 1801 2931 1327 3148 610 1624
23c010db239761daec66c17c7ee8ca2ac934374d8aa770b2ea8ee24f23507e40 0.999 2007 2749 2658 3641 2251 3926 1597 3036
347c085d839ad4b9e8894dc4139033ffc829bea7ac8d90edcfc699c23a01b106 0.999 3407 1517 2027 3372 1258 2780 2638 958
36f2da6e68c83cbe65c519db49e446b13f1292d8a9b81d7b7fef5385e033df36 0.999 2795 3576 2807 3908 995 3937 983 3609
4111e0448010bd0fdcea9a183395685443da9c66d1df535bd9248db6ed63da47 0.999 3077 1312 1683 3261 1429 3074 2832 1136
418db59b5cf269b8ea261ce46e737cf4679d772e64f6ec4d94addbc0f5a90dd6 0.999 3062 672 3170 917 2089 1408 1970 1175
418db59b5cf269b8ea261ce46e737cf4679d772e64f6ec4d94addbc0f5a90dd6 0.999 3251 1083 3408 1430 2302 1922 2149 1579
42e1db2af8a22fcb9028ea1effe01c8562956d9b1fbe4cb12145331165c821cd 0.999 2680 2527 2344 3118 883 2304 1223 1723
4861973f2c92f025c405eff17a3c32e07528c6ea2ebdaedecdcf504ec4fc7801 0.999 3426 1599 2161 3602 1808 3377 3060 1377
4a53bd7d8198834bcb62a770b79aa22a2f60c4826474c5aadac4c81f0b87f31d 0.999 3494 3019 3171 3508 1169 2188 1504 1704
4a53bd7d8198834bcb62a770b79aa22a2f60c4826474c5aadac4c81f0b87f31d 0.999 3888 2397 3528 2924 1548 1639 1908 1109
5131f9e12a5a6b1a842d2bf46d009be8d50b838dbab5cb15cf142b44285b9665 0.999 3397 1843 3919 2824 3485 3057 2934 2077
5131f9e12a5a6b1a842d2bf46d009be8d50b838dbab5cb15cf142b44285b9665 0.999 2253 1183 3276 3168 2691 3484 1686 1505
59a99eaa8798f497ab4b652c0b4f80888773f0de572e0c10b892695901e05577 0.999 2635 2178 2840 2744 1033 3393 820 2832
59d2974223c11f2f6819468ca4479865ee7bd557ea014df30f702f7155f775c3 0.999 3078 1459 3371 1768 1618 3419 1335 3108
59d2974223c11f2f6819468ca4479865ee7bd557ea014df30f702f7155f775c3 0.999 3479 1867 3748 2152 1986 3819 1720 3521
59d2974223c11f2f6819468ca4479865ee7bd557ea014df30f702f7155f775c3 0.999 2761 1139 2993 1362 1240 3016 1008 2734
59d2974223c11f2f6819468ca4479865ee7bd557ea014df30f702f7155f775c3 0.999 2399 755 2690 1045 960 2684 682 2378
59f1bb2ecdce1c1c96f825a13ab06f6931107d196216654119f3b9430029875a 0.999 4154 2061 2777 3909 2552 3740 3914 1888
5a45d187a70fb355c371945c9598a2449fbb2c9d72706743b9d872b98d0848bc 0.999 1660 1924 2108 3027 1609 3243 1163 2148
5b3a102fc5b28ca8f45d4c448afe15ebcf344458909fff80df855b275a22ae71 0.999 2217 2294 2542 2687 1799 3342 1474 2958
5c0dc26c5565acfcefbecd8d4358c6762efc45b395ffe8193e57ccdd27151deb 0.999 3474 2630 3240 3113 1138 2040 1375 1561
60490cad56d66c2b09f3829cb26e94531cbb59785d574aeb25901f7a1a8dd499 0.999 3731 2642 3429 2961 2418 1980 2739 1649
61ed241db50c46d69e1a0363ebad949d85a78e36c4e1b36cfdb202ba0fac53fa 0.999 3664 3067 3165 3606 1527 1904 2074 1421
61ed241db50c46d69e1a0363ebad949d85a78e36c4e1b36cfdb202ba0fac53fa 0.999 4031 2706 3717 3016 2119 1385 2446 1075
63b58e3777c9b821a57210d52402e9ad289025bff5c93621896e2d5c7312c473 0.999 2768 1671 3068 2079 1778 3135 1463 2732
63b58e3777c9b821a57210d52402e9ad289025bff5c93621896e2d5c7312c473 0.999 2442 1257 2697 1545 1368 2633 1130 2338
63b58e3777c9b821a57210d52402e9ad289025bff5c93621896e2d5c7312c473 0.999 3080 2112 3406 2466 2113 3542 1815 3162
6b310578115fbd3fe9069634009ed32c80ad7cfb43995c27bba860ef8a0d5945 0.999 3005 1404 2283 2902 1829 2652 2573 1171
6bc0616e2f7a49e157dbce35fe79da02381b35f3bd332f9a2b17a46b366be382 0.999 2773 1927 2634 2279 1004 1723 1120 1364
6bc0616e2f7a49e157dbce35fe79da02381b35f3bd332f9a2b17a46b366be382 0.999 3059 1337 2826 1892 1110 1285 1292 717
6bd27c27e3d19fc8c3b2cbddacf4192527f4f8be65500b14ff573267f79853a5 0.999 2745 1729 3037 2143 1715 3136 1417 2719
6bd27c27e3d19fc8c3b2cbddacf4192527f4f8be65500b14ff573267f79853a5 0.999 2458 1314 2665 1593 1315 2603 1102 2318
6eb863cfcb20d281b698f4ff2e565e4c4f4218a9cf7b18236a1c7895098fc725 0.999 3147 3018 2892 3302 1268 1850 1517 1555
7a3caae6111fceaefeaaa7d89c05c6d576bbb5ef61792ebced5a1e4b5290691d 0.999 2800 2244 2862 2497 585 2967 527 2716
7aa89b6fe46b6a46f1743359e8194278d233a58fdedcef24398c6109fbc44461 0.999 2652 2228 2505 2507 1066 1820 1191 1532
7af5e753cdf0594033d54e0d54190c0206bb0f3e563303c67791c5991237eede 0.999 2179 1691 2612 2478 2240 2684 1805 1903
7b09cb3b96c429995b088b277876ff59ab893ee2013ff0d1fd9c0d73065bd87f 0.999 3956 2800 3620 3373 3286 3178 3635 2610
7b0c1790308a8a569f447c222d045da6f3a481a6480bff21d1b0396d0ad62316 0.999 3067 720 3591 1793 3171 1996 2661 926
7b109dbb0e128d36257651ec0de907e1afc258cc401962e2df7abbebb0e99214 0.999 2989 1476 1835 3118 1685 3004 2827 1366
7b109dbb0e128d36257651ec0de907e1afc258cc401962e2df7abbebb0e99214 0.999 3705 2011 2503 3599 2333 3451 3505 1870
7b109dbb0e128d36257651ec0de907e1afc258cc401962e2df7abbebb0e99214 0.999 2659 1236 1470 2879 1309 2755 2481 1118
7b109dbb0e128d36257651ec0de907e1afc258cc401962e2df7abbebb0e99214 0.999 3351 1737 2173 3353 1990 3213 3149 1597
7faec8eb64b77a25db7a325fe82d149aac45a64a00ee9f198549cd5ba98a516a 0.999 4306 1811 3250 3872 2968 3716 4016 1676
869ed296875a7871ead7166b62fe3863d75d519791121264c628739d4f3d102e 0.999 2049 848 2299 1127 1082 2313 805 2030
8d1249b14e4f9c21c27dc1a8762d99be62a56014e03577c085dfd3bb1d0d4e22 0.999 1718 746 2196 3112 1614 3214 1124 846
988dfbca2dc06205eb732a4539d0f2d885ae5c4bb709bf9df9c994ac0918131a 0.999 3607 2673 3438 2953 1700 1888 1865 1626
988dfbca2dc06205eb732a4539d0f2d885ae5c4bb709bf9df9c994ac0918131a 0.999 2660 4144 2556 4319 1075 3481 1182 3300
98aa0681e04fc0338200f08eeaa25e5439cfd50146febaf5aa662784cf86110d 0.999 3950 1642 2994 3563 2768 3443 3704 1533
98ce1b52a11092ce41e15d150729ff0d97a3704ca5029c1f92fac10fbc0dc8c7 0.999 1956 1175 1319 2246 863 1983 1502 903
a00d0767da1752000404360414b09fbaa4932d0490e8045d6dabbaa427e43c52 0.999 2528 3265 2261 3901 970 3354 1241 2744
a00d0767da1752000404360414b09fbaa4932d0490e8045d6dabbaa427e43c52 0.999 2923 2364 2788 2657 1488 2150 1627 1849
a153d3f52d15272d1d091a6a52e8c8ec707529e97edd899605165067bf829698 0.999 2527 2798 2631 3195 1864 3380 1768 2986
a153d3f52d15272d1d091a6a52e8c8ec707529e97edd899605165067bf829698 0.999 2397 2309 2449 2496 1706 2695 1656 2511
a19eb0ee1b4ac5ac3b2b41eba598a5884fe064757021047ed039a9476e44432f 0.999 3519 3015 3310 3384 1075 2163 1285 1789
a1f828b9ab1ce5c82526b134591125a82959c10bc4171136b7f35a2f6f7dffba 0.999 2062 2891 2732 3820 2486 3987 1834 3069
a2a8bdc72c94801f792ccdadf6d68c7e072c5698fff890662fcda32237c5c076 0.999 3011 1546 2017 2864 1680 2610 2679 1286
a2a8bdc72c94801f792ccdadf6d68c7e072c5698fff890662fcda32237c5c076 0.999 3380 1848 2253 3325 1988 3123 3108 1639
a2b406617650341e35a85f6ca83f9ee0630a0751a6ef94dbbf1f46e5fc52db38 0.999 2857 1747 2682 2328 1289 1912 1451 1335
a372f192077420a300f025979ace2b7324f3bb09edbf1f27c88abdf18da943fb 0.999 2368 1152 2686 1532 1397 2609 1085 2232
a372f192077420a300f025979ace2b7324f3bb09edbf1f27c88abdf18da943fb 0.999 2809 1658 3057 1945 1745 3069 1499 2789
a46455525b39c2c397535c9b6af9956795bbe75853cff41d010e25fc947079ca 0.999 969 2367 2664 4161 2518 4306 816 2493
a46455525b39c2c397535c9b6af9956795bbe75853cff41d010e25fc947079ca 0.999 1300 2040 3008 3859 2856 3995 1169 2195
a5f8cc0cce908b32cfe4578b9d744ad36255c308b13b0f49b7816325634cfcbe 0.999 3165 3525 2619 4228 922 2869 1473 2169
a5f8cc0cce908b32cfe4578b9d744ad36255c308b13b0f49b7816325634cfcbe 0.999 3719 2854 3511 3105 1843 1759 2043 1490
aac22169ede8bccc5107cb1a0ff067d8d832d7e62eb4395f8272ea6364ddc922 0.999 3292 1931 3646 2380 2113 3595 1777 3173
aac22169ede8bccc5107cb1a0ff067d8d832d7e62eb4395f8272ea6364ddc922 0.999 2769 1216 3178 1708 1569 2973 1174 2501
aac22169ede8bccc5107cb1a0ff067d8d832d7e62eb4395f8272ea6364ddc922 0.999 1962 691 2368 1193 1241 2110 832 1619
af34db4026bd5a1e8df066e512892fee0d9a9e7d1f791522ef8c84a6b3ed111d 0.999 3023 3453 2867 3872 608 3033 770 2605
af34db4026bd5a1e8df066e512892fee0d9a9e7d1f791522ef8c84a6b3ed111d 0.999 3629 1768 3476 2163 1270 1344 1412 954
b0505c9fdaa2cdfacbcdf6e7c3eb885324d0a4f3df848a5f32d45eda69cda53c 0.999 3455 1565 2309 3444 2084 3301 3225 1426
b0505c9fdaa2cdfacbcdf6e7c3eb885324d0a4f3df848a5f32d45eda69cda53c 0.999 4006 1878 2774 3797 2472 3593 3699 1692
b111d0d7218314f5f66144efa75245eea327862abb6d492af24324f5ed9970eb 0.999 2824 3716 2379 4144 909 2707 1370 2281
b111d0d7218314f5f66144efa75245eea327862abb6d492af24324f5ed9970eb 0.999 3344 3164 2941 3598 1515 2165 1948 1754
b1c32fddd0d18cfba457c59231e57f19ef567657b8d7217469b9243a495811db 0.999 3306 2145 3392 2376 1123 3237 1042 3001
b1c32fddd0d18cfba457c59231e57f19ef567657b8d7217469b9243a495811db 0.999 2918 1154 3098 1641 848 2487 665 2005
b416b55f030899ebeb52dc11227a10b32dbc9947a74cda155ca3b0d68727f8a5 0.999 3688 2649 3411 3223 1406 2179 1709 1640
b416b55f030899ebeb52dc11227a10b32dbc9947a74cda155ca3b0d68727f8a5 0.999 3329 3348 2786 4398 773 3300 1343 2260
b815d78f8007140420f941cd8d408432bff8f15c9f23474c8ec58554571a34f8 0.999 3049 653 2312 3445 1853 3332 2612 538
b815d78f8007140420f941cd8d408432bff8f15c9f23474c8ec58554571a34f8 0.999 2505 529 1697 3282 1276 3171 2063 405
ba38cf5306e4d6b6446dd34881bf6741db3c210101599ad479433c9c03986c3a 0.999 1794 865 3294 2650 3013 2887 1520 1103
bdea2ea2efcd4d0b218b6b7682acc3f1c7baaf01cea97a43ca56a190b3818bbb 0.999 2927 671 3546 1664 3098 1944 2476 954
bdea2ea2efcd4d0b218b6b7682acc3f1c7baaf01cea97a43ca56a190b3818bbb 0.999 1269 1669 1912 2697 1496 2956 845 1934
bdea2ea2efcd4d0b218b6b7682acc3f1c7baaf01cea97a43ca56a190b3818bbb 0.999 2287 1054 2906 2060 2479 2319 1875 1313
be3d4e6bf21bd2b0a8593a29d1841e8e821844aedf68722e22730c9f42c8943e 0.999 3200 1619 3348 2696 2940 2750 2789 1680
be3d4e6bf21bd2b0a8593a29d1841e8e821844aedf68722e22730c9f42c8943e 0.999 2052 618 2209 1725 1667 1786 1518 689
be3d4e6bf21bd2b0a8593a29d1841e8e821844aedf68722e22730c9f42c8943e 0.999 3131 496 3272 1598 2748 1674 2595 569
c178855c710ef3067e2772450b2669a977e62d68e9c886304722a57ea2d8224b 0.999 3108 1916 3363 2254 1892 3387 1638 3057
c178855c710ef3067e2772450b2669a977e62d68e9c886304722a57ea2d8224b 0.999 3431 2374 3643 2648 2192 3780 1988 3526
c178855c710ef3067e2772450b2669a977e62d68e9c886304722a57ea2d8224b 0.999 2934 1509 3043 1666 1497 2853 1391 2709
c3898f606872ac774bd8066e14f535ab67be566164e191576e086b76ad65b023 0.999 1884 1070 1962 1354 623 1746 541 1463
c3898f606872ac774bd8066e14f535ab67be566164e191576e086b76ad65b023 0.999 2665 2048 2788 2519 1007 3024 872 2561
c3e81c3c76f06087466bb9577718ae537cc7643f153d9cffaf8bc4ac27ee5c5f 0.999 1979 1013 2731 3203 2517 3279 1763 1115
c4e97dae7172eb660d3ae1acde4896ec5d31dabc6615cf2a32fc8486370a2b82 0.999 3073 2547 2995 2900 1845 2618 1931 2258
c4e97dae7172eb660d3ae1acde4896ec5d31dabc6615cf2a32fc8486370a2b82 0.999 2865 3397 2758 3857 1601 3580 1712 3121
ca4fa9fd330f8a8e63a65b9a52205d76f692513279fcf34e539362de2e75175a 0.999 4356 2440 3176 4120 2829 3873 3991 2179
d04c075d964781bf0d7bc1d90a164baa1804c131fee16b2e247c4bf2213d5664 0.999 3052 2609 2820 2960 866 1713 1093 1364
d04c075d964781bf0d7bc1d90a164baa1804c131fee16b2e247c4bf2213d5664 0.999 2737 3089 2532 3420 572 2175 808 1838
d339989cddf2f8abc5b34fed73878dffa1661211ba92d8ef510ff6130f74b625 0.999 3395 2001 3538 2214 1696 3408 1568 3199
d49e904d969b6d09aae8ada8e80ba57ca344e472647628c822500a05e078539a 0.999 3296 1013 3211 1454 1137 979 1237 553
d49e904d969b6d09aae8ada8e80ba57ca344e472647628c822500a05e078539a 0.999 2960 2444 2829 3041 794 2584 960 1978
d49e904d969b6d09aae8ada8e80ba57ca344e472647628c822500a05e078539a 0.999 2794 3156 2692 3564 681 3101 776 2690
d4baf901c265c1c7f64c5f596afb632049d5416466ceaa1dff5204d92adb2673 0.999 1858 1478 3285 3241 3011 3479 1583 1706
dc8cc75580c6cfe2dae786063716206848c5955676efcb532e6d2fc63e0a8185 0.999 4260 2153 3826 2628 2301 1438 2635 972
dcf49d83d09f0c81b5e38e4ed0207534edb7e590338824c28db62626ad18d0e7 0.999 3382 1515 2107 3578 1861 3420 3143 1369
dcf49d83d09f0c81b5e38e4ed0207534edb7e590338824c28db62626ad18d0e7 0.999 3911 1856 2619 3906 2342 3731 3632 1658
e13e32556aead7af0ccd5a419f76dfd6920412b5ae471291b4d771069721cf6a 0.999 3174 1037 3072 1655 661 1275 750 672
f58a57c4a05682e0a4323197bed14dade915bd83f7f0e24a9fb170161b3f7e9c 0.999 2729 2033 3156 2489 2515 3114 2070 2679
f69631514b7942228f426365a7439a6546f23c263de31cfda83c1f5646e5e0df 0.999 2791 4045 2471 4470 560 2995 878 2567
f69631514b7942228f426365a7439a6546f23c263de31cfda83c1f5646e5e0df 0.999 3490 3154 3220 3517 1264 2039 1536 1679
fb4bb7d491da7890fd5851a61f588ec892de4ebee4c0a98a77c859b03cb8e89d 0.999 3920 1772 2634 3814 2365 3641 3659 1627
fb4bb7d491da7890fd5851a61f588ec892de4ebee4c0a98a77c859b03cb8e89d 0.999 3051 1255 1803 3284 1417 3019 2676 1032
fb4bb7d491da7890fd5851a61f588ec892de4ebee4c0a98a77c859b03cb8e89d 0.999 2478 919 1265 2917 950 2727 2152 725
fb80f3e8549fca7532a1f48530866df5cb5ab98a0f0fcb1b5861aee5090ade56 0.999 4545 1983 4082 3058 3584 2857 3992 1758
fe69bdd12c954b657fdd08af5f858fe6bd49beca87aa5d3c9cbd47d3ae6ae990 0.999 1979 910 3129 2526 2179 3185 1031 1594
ff9be55923406e5a55c6c74613ea48460bd62071dd56ad50f5a64bf1414161c9 0.999 2471 1958 2752 2716 1027 3378 742 2631
