00331e8326ffc52da48df480befd5f127f9919dc28ece8329557cdccc394dd76 0.999 2510 2253 2747 2591 1454 3468 1226 3120
004eb8620c417301d9dd197c7c021bba65591923e19a851cda70ffa99c0c1970 0.999 2747 1630 2074 3093 1771 2976 2481 1487
004eb8620c417301d9dd197c7c021bba65591923e19a851cda70ffa99c0c1970 0.999 3471 2070 2840 3393 2344 3136 2965 1821
02b1b78ee822bdf677fa068e49c860208ae596a60f5269cdac89b6a8b6f3cb15 0.999 3272 2220 2870 2819 1268 1750 1667 1146
034b6bf42cc76865d4b26b865a6b37c516231c6d58f7ea1a804cd41cbac11910 0.999 3270 2734 3082 3083 1061 1927 1256 1574
035a56b67337b38793806d632d9a83642886cff7051b96c236c00bd9a3fcfd08 0.999 2497 2084 2893 2652 1658 3539 1240 2969
047a538704d3f7122ef61d17e4046151e7d75f3b1b1cbe10e1323bb32e2de8e6 0.999 3445 2806 3574 3054 2372 3622 2252 3368
06b8b42e932ab26118419a5b8fba78d133e50b92945da8011a93ce0cb2dcf801 0.999 2452 717 2208 2425 1612 2307 1833 599
0a821a206091c1a6d606c6491eea3ff9649f181e94594a67f9ac9eb886f19caf 0.999 3075 1776 3301 2019 1800 3347 1586 3105
0c5c838c16b4415036467d66e47d718d86621575d6c69b94ee1f90eb1105dec8 0.999 2593 1456 2126 2969 1821 2874 2307 1357
0c5c838c16b4415036467d66e47d718d86621575d6c69b94ee1f90eb1105dec8 0.999 3342 1791 2914 3122 2400 2955 2825 1621
0c8970deefbc4d208deb5208682f0045ded07c6096f934cb3aae2be092ca84c7 0.999 4329 2384 2847 4076 2514 3784 3965 2079
0d9095e2ae6c6fe44231bd41019000bdab4be126ff6cb45e8ddd2c7c28ff7fe7 0.999 3072 1378 3110 2419 2869 2428 2828 1374
0e8496baefed66f71653d76e65a133ee2052a39611b1b3120f75a3e626469633 0.999 2131 802 2949 2966 2651 3080 1824 919
0e87cd2df269581d6badcf07cb8557c8308416bd69c8a39ba8aa3e1d233765be 0.999 2034 1390 2174 1661 917 2281 774 2010
0e87cd2df269581d6badcf07cb8557c8308416bd69c8a39ba8aa3e1d233765be 0.999 2449 1691 2648 2041 1190 2771 1003 2419
0e9cdbb3d200c5a783b9d118315f4b305e00809113f6c6d26bb399d9b9af185c 0.999 2874 3294 2722 3818 533 3195 672 2664
0fe4bfd6a199c080612215eb24855c7b56a30f6f917051d0b008c0799ece7975 0.999 1468 1323 2749 2837 2316 3168 1071 1665
0fe4bfd6a199c080612215eb24855c7b56a30f6f917051d0b008c0799ece7975 0.999 759 1911 1988 3430 1776 3591 552 2078
105ae952d3f3e01ccd0ff397f0b3fa1cb9b2da367f09b17a4367c381586ce4b7 0.999 2431 1525 2592 2118 809 2590 658 1992
105ae952d3f3e01ccd0ff397f0b3fa1cb9b2da367f09b17a4367c381586ce4b7 0.999 2288 1010 2413 1459 631 1918 513 1472
10a272b2cafe2ea8d180d2085a373c710fcfe37ff37e8ed8ceb623850354a777 0.999 3560 1296 4372 2789 3779 3054 2955 1553
10a272b2cafe2ea8d180d2085a373c710fcfe37ff37e8ed8ceb623850354a777 0.999 2009 2115 2594 3390 2272 3547 1678 2274
141c4077b68fe2775bad5faef84463e50106793a1c90092313c960df239fff34 0.999 3928 2555 4093 2784 3390 3286 3226 3054
141c4077b68fe2775bad5faef84463e50106793a1c90092313c960df239fff34 0.999 3241 1215 3423 1466 2384 2206 2190 1952
18b86fbe19ef82343d41110eaad91f53ad6534f32ef52b4351ae1d70ace3751b 0.999 3415 1126 3223 1781 2873 1649 3106 998
18d6473db627da2a28e94986cc395fb356365fdc0d8e74d85fb02d793867e679 0.999 3045 767 4359 2339 4083 2549 2770 979
18d6473db627da2a28e94986cc395fb356365fdc0d8e74d85fb02d793867e679 0.999 2434 1267 3731 2837 3377 3098 2094 1558
18d6473db627da2a28e94986cc395fb356365fdc0d8e74d85fb02d793867e679 0.999 2047 1638 3296 3174 2731 3612 1484 2063
1a263622238cc5ddc9fd537f89fb42dff688beea7966ec86aa201cb165f2b1b2 0.999 2922 718 4212 2711 3637 3072 2338 1098
1a263622238cc5ddc9fd537f89fb42dff688beea7966ec86aa201cb165f2b1b2 0.999 955 2038 2181 3938 2006 4056 770 2150
1a263622238cc5ddc9fd537f89fb42dff688beea7966ec86aa201cb165f2b1b2 0.999 1743 1504 3015 3452 2888 3527 1615 1595
1a263622238cc5ddc9fd537f89fb42dff688beea7966ec86aa201cb165f2b1b2 0.999 2150 1246 3406 3204 3273 3296 2016 1341
1a5df1fd6e0a87b7d89057a0cfbbbf101c4cbc498104aa0af0f42755ec27ff71 0.999 3019 2152 2849 2428 1567 1678 1729 1382
1a5df1fd6e0a87b7d89057a0cfbbbf101c4cbc498104aa0af0f42755ec27ff71 0.999 3379 1578 3127 1995 1858 1213 2103 800
1bcb85d53f9f4e9ba2f6cfd1374a9c237e951a5a64d746fc476a5b46e479b875 0.999 3098 1338 1718 3295 1481 3108 2855 1180
1bcb85d53f9f4e9ba2f6cfd1374a9c237e951a5a64d746fc476a5b46e479b875 0.999 3815 1821 2423 3795 2100 3576 3496 1591
1e42ebdc28f428278070d29f83fa4fa2a48fb67015af4577e4869e89b271dad0 0.999 3266 3269 2771 3860 1202 2689 1675 2068
223299f78fa4f1d5e7eaa27f13f8020e5c5f92e9a99bac9e760d200053885dae 0.999 2755 630 3495 2171 2640 2564 1932 1019
223299f78fa4f1d5e7eaa27f13f8020e5c5f92e9a99bac9e760d200053885dae 0.999 1079 1400 1801 2931 1327 3148 610 1624
223299f78fa4f1d5e7eaa27f13f8020e5c5f92e9a99bac9e760d200053885dae 0.999 1469 1221 2170 2751 1873 2909 1176 1362
223299f78fa4f1d5e7eaa27f13f8020e5c5f92e9a99bac9e760d200053885dae 0.999 1884 1046 2576 2580 2221 2730 1540 1199
23c010db239761daec66c17c7ee8ca2ac934374d8aa770b2ea8ee24f23507e40 0.999 2007 2749 2658 3641 2251 3926 1597 3036
23c010db239761daec66c17c7ee8ca2ac934374d8aa770b2ea8ee24f23507e40 0.999 1370 1745 2041 2688 1238 3248 565 2321
26934f68c7703bf2feaaae889156773ac477ebe547d2915aca6710445b385c45 0.999 3051 3252 2807 3677 908 2646 1163 2214
2bde6405e08a6f7f6c4ff4d3e13dee75179ea76195a8e7d1b1e590dabcbc6704 0.999 3750 2045 3385 2728 1379 1703 1728 1030
2cbada78642b653d195b0f2980e113be271adb38f3f0ca01f83b3e04232473ba 0.999 2408 299 2856 1214 784 1919 543 964
2cf913c65879041cf2377401c377b6162fed753a935a2f8f722239f2cf119108 0.999 2637 808 3110 1265 1509 2767 1071 2291
32b553374b9bdaa9c34987dd0873bd50e84680a77a77b87bc6b54feebff10c25 0.999 2955 1234 2875 1870 1092 1722 1187 1116
347c085d839ad4b9e8894dc4139033ffc829bea7ac8d90edcfc699c23a01b106 0.999 3407 1517 2027 3372 1258 2780 2638 958
3602e929d1d638c1edb75a68e694388481b8f649ad981d3830b7574903b735ab 0.999 3310 3187 3104 3534 1107 2356 1307 1992
36f2da6e68c83cbe65c519db49e446b13f1292d8a9b81d7b7fef5385e033df36 0.999 2795 3576 2807 3908 995 3937 983 3609
36f2da6e68c83cbe65c519db49e446b13f1292d8a9b81d7b7fef5385e033df36 0.999 2691 1178 2702 1592 1620 1616 1612 1211
39688ae197be3a534e30bf5daaf85437861c04ac40e62f5b596d8c4398b02fe0 0.999 3339 3043 3628 3708 1544 4661 1248 3994
39ca3570520814e943da8094ebf2a6abbbd22730d18e48ed59dcef086e76999f 0.999 1869 1470 3360 3246 2968 3569 1479 1821
3d5379f6a9a3ad6b46fe8ca608627d686df27d3189cacb55fe4b622b49584f6a 0.999 3252 3084 3092 3388 1947 2891 2094 2583
3dd322a526f46e3c841bc9fea976f9c35f06c0798084efc8cdd1126340aa24d8 0.999 1946 814 2662 2660 2170 2854 1442 1023
3f6ad224b8d30b63d128871837ddb665be3d0fa623db7c344ad1777216758f7e 0.999 3182 555 3902 2895 3603 2978 2881 654
410bc1f1f13ce067562aca843ba47a2c73757f82b82e8043fafb14d65c6bbe80 0.999 2717 1608 1766 2843 1347 2520 2299 1317
4111e0448010bd0fdcea9a183395685443da9c66d1df535bd9248db6ed63da47 0.999 3077 1312 1683 3261 1429 3074 2832 1136
4111e0448010bd0fdcea9a183395685443da9c66d1df535bd9248db6ed63da47 0.999 2568 918 1116 2887 826 2661 2253 693
417d71d6fca921826776dac32593e29377ebde051f5380a470d16bb0de62338d 0.999 2894 1532 3021 1708 1223 2870 1105 2682
417d71d6fca921826776dac32593e29377ebde051f5380a470d16bb0de62338d 0.999 2637 1122 2797 1371 982 2500 829 2256
418db59b5cf269b8ea261ce46e737cf4679d772e64f6ec4d94addbc0f5a90dd6 0.999 3062 672 3170 917 2089 1408 1970 1175
418db59b5cf269b8ea261ce46e737cf4679d772e64f6ec4d94addbc0f5a90dd6 0.999 3251 1083 3408 1430 2302 1922 2149 1579
42e1db2af8a22fcb9028ea1effe01c8562956d9b1fbe4cb12145331165c821cd 0.999 2680 2527 2344 3118 883 2304 1223 1723
42e1db2af8a22fcb9028ea1effe01c8562956d9b1fbe4cb12145331165c821cd 0.999 2313 3218 2094 3606 620 2831 807 2441
42e1db2af8a22fcb9028ea1effe01c8562956d9b1fbe4cb12145331165c821cd 0.999 3021 1939 2687 2499 1239 1710 1503 1166
46f7d6f90024e5136854e943a80a59264eb71d158a5bfe81f9b8f0b28ffb010a 0.999 3269 1442 2337 3191 1767 2816 2655 1146
4861973f2c92f025c405eff17a3c32e07528c6ea2ebdaedecdcf504ec4fc7801 0.999 3426 1599 2161 3602 1808 3377 3060 1377
4861973f2c92f025c405eff17a3c32e07528c6ea2ebdaedecdcf504ec4fc7801 0.999 4364 2188 3106 4229 2363 3755 3639 1730
4a53bd7d8198834bcb62a770b79aa22a2f60c4826474c5aadac4c81f0b87f31d 0.999 3494 3019 3171 3508 1169 2188 1504 1704
4a53bd7d8198834bcb62a770b79aa22a2f60c4826474c5aadac4c81f0b87f31d 0.999 3888 2397 3528 2924 1548 1639 1908 1109
4a53bd7d8198834bcb62a770b79aa22a2f60c4826474c5aadac4c81f0b87f31d 0.999 3154 3562 2783 4118 759 2764 1125 2222
4ed747824d76493d8b6b3c8ded9a69015aa2335ae5844eccbb9c717074c12bab 0.999 2522 3048 2435 3437 180 2968 255 2596
4ff06d277432fb0bbd7ef42c98af43709ca28cb168e2b89a8f5aa573ff2d57c2 0.999 3005 3300 2842 3607 1184 2767 1299 2458
5131f9e12a5a6b1a842d2bf46d009be8d50b838dbab5cb15cf142b44285b9665 0.999 3397 1843 3919 2824 3485 3057 2934 2077
5131f9e12a5a6b1a842d2bf46d009be8d50b838dbab5cb15cf142b44285b9665 0.999 2253 1183 3276 3168 2691 3484 1686 1505
5131f9e12a5a6b1a842d2bf46d009be8d50b838dbab5cb15cf142b44285b9665 0.999 1476 1625 1984 2563 1640 2751 1113 1824
52e6f520ef73ba66ca61741356f43b758106a853b0d8a947673ea77f8a7936b8 0.999 2565 932 1724 3025 1137 2803 1970 710
52e6f520ef73ba66ca61741356f43b758106a853b0d8a947673ea77f8a7936b8 0.999 3011 1114 2606 2157 2221 2001 2619 963
557c6423ba949f85324e0303ca0635b4bc5493b79819d64ecbca726819196e1e 0.999 1188 894 1662 3043 1023 3162 557 1023
557c6423ba949f85324e0303ca0635b4bc5493b79819d64ecbca726819196e1e 0.999 3044 554 3465 2512 2824 2636 2398 680
55a30da52abdd7de6c45cf13d7566b73bbf383a32eb3101d00e57bb56ce7193a 0.999 3019 2873 3341 3602 1778 4365 1459 3631
5614dbe46886ea7d13a1bbfebdafca4a82fe62fb0eae00d1c9375ae24664e125 0.999 2817 1864 3817 3380 3161 3819 2146 2269
5614dbe46886ea7d13a1bbfebdafca4a82fe62fb0eae00d1c9375ae24664e125 0.999 1976 2393 2991 3950 2555 4231 1537 2669
59a99eaa8798f497ab4b652c0b4f80888773f0de572e0c10b892695901e05577 0.999 2635 2178 2840 2744 1033 3393 820 2832
59a99eaa8798f497ab4b652c0b4f80888773f0de572e0c10b892695901e05577 0.999 2981 3075 3084 3481 1306 4175 1148 3767
59d2974223c11f2f6819468ca4479865ee7bd557ea014df30f702f7155f775c3 0.999 3078 1459 3371 1768 1618 3419 1335 3108
59d2974223c11f2f6819468ca4479865ee7bd557ea014df30f702f7155f775c3 0.999 3479 1867 3748 2152 1986 3819 1720 3521
59d2974223c11f2f6819468ca4479865ee7bd557ea014df30f702f7155f775c3 0.999 2761 1139 2993 1362 1240 3016 1008 2734
59d2974223c11f2f6819468ca4479865ee7bd557ea014df30f702f7155f775c3 0.999 2399 755 2690 1045 960 2684 682 2378
59f1bb2ecdce1c1c96f825a13ab06f6931107d196216654119f3b9430029875a 0.999 4154 2061 2777 3909 2552 3740 3914 1888
59f1bb2ecdce1c1c96f825a13ab06f6931107d196216654119f3b9430029875a 0.999 3094 1341 1799 3173 1399 2878 2701 1067
5a45d187a70fb355c371945c9598a2449fbb2c9d72706743b9d872b98d0848bc 0.999 1660 1924 2108 3027 1609 3243 1163 2148
5b3a102fc5b28ca8f45d4c448afe15ebcf344458909fff80df855b275a22ae71 0.999 2217 2294 2542 2687 1799 3342 1474 2958
5c0dc26c5565acfcefbecd8d4358c6762efc45b395ffe8193e57ccdd27151deb 0.999 3474 2630 3240 3113 1138 2040 1375 1561
5c0dc26c5565acfcefbecd8d4358c6762efc45b395ffe8193e57ccdd27151deb 0.999 3711 2150 3499 2560 1434 1481 1637 1073
5ca340cea264d3a116956020897a86b7552b5b0618355f99f7f36110fc6824a1 0.999 2436 601 3566 2306 2864 2754 1722 1072
5f54d2002dad421e27c5b6670d05217e1d6cf71f70ef8bfdf535bb40238ebcd2 0.999 1794 1288 2177 2547 1899 2644 1517 1380
60490cad56d66c2b09f3829cb26e94531cbb59785d574aeb25901f7a1a8dd499 0.999 3731 2642 3429 2961 2418 1980 2739 1649
60490cad56d66c2b09f3829cb26e94531cbb59785d574aeb25901f7a1a8dd499 0.999 3934 2181 3728 2404 2939 1649 3159 1416
61ed241db50c46d69e1a0363ebad949d85a78e36c4e1b36cfdb202ba0fac53fa 0.999 3664 3067 3165 3606 1527 1904 2074 1421
61ed241db50c46d69e1a0363ebad949d85a78e36c4e1b36cfdb202ba0fac53fa 0.999 4031 2706 3717 3016 2119 1385 2446 1075
629082ae44a966d25730bdc3ce6f882a86be5b166576be55d4c7d2909e674371 0.999 3062 3106 2844 3599 681 2700 884 2202
63b58e3777c9b821a57210d52402e9ad289025bff5c93621896e2d5c7312c473 0.999 2768 1671 3068 2079 1778 3135 1463 2732
63b58e3777c9b821a57210d52402e9ad289025bff5c93621896e2d5c7312c473 0.999 2442 1257 2697 1545 1368 2633 1130 2338
63b58e3777c9b821a57210d52402e9ad289025bff5c93621896e2d5c7312c473 0.999 3080 2112 3406 2466 2113 3542 1815 3162
660222a47d13ee4aec9da70f48940c17a2821e29a28f9f78a2884e0fa9698c76 0.999 3838 2409 3418 2919 1877 1625 2293 1109
660222a47d13ee4aec9da70f48940c17a2821e29a28f9f78a2884e0fa9698c76 0.999 2985 3482 2636 3899 1020 2547 1373 2121
6731680ac6ba8df9a533f1c4bb3237b21b1df8a334055f305cce227aab88b359 0.999 2155 2615 1885 3360 1634 3275 1902 2528
6731680ac6ba8df9a533f1c4bb3237b21b1df8a334055f305cce227aab88b359 0.999 3181 3092 2973 3692 2732 3607 2941 3008
6731680ac6ba8df9a533f1c4bb3237b21b1df8a334055f305cce227aab88b359 0.999 3855 3089 3611 3873 3319 3769 3570 2992
6731680ac6ba8df9a533f1c4bb3237b21b1df8a334055f305cce227aab88b359 0.999 1593 2159 1242 3165 607 2955 956 1955
694e5b9ae1dd8319b6fb5206a1e6491bf903d10ceb339be851817578d810ed42 0.999 3606 1834 4346 3164 3609 3551 2854 2221
6a30d68ea500f59323d05124280a6e737c93621d4806c6863a32c01680029cd3 0.999 3122 2804 2770 3553 907 2716 1273 2026
6b2a440d851ce0adcd9450fb642eee264849be16ccea4db9b29d046221390147 0.999 3011 2602 2779 2998 1193 2141 1414 1739
6b310578115fbd3fe9069634009ed32c80ad7cfb43995c27bba860ef8a0d5945 0.999 3005 1404 2283 2902 1829 2652 2573 1171
6b310578115fbd3fe9069634009ed32c80ad7cfb43995c27bba860ef8a0d5945 0.999 3458 1614 2751 3137 2309 2904 3025 1413
6b310578115fbd3fe9069634009ed32c80ad7cfb43995c27bba860ef8a0d5945 0.999 2443 1091 1697 2636 1367 2445 2093 929
6bc0616e2f7a49e157dbce35fe79da02381b35f3bd332f9a2b17a46b366be382 0.999 2773 1927 2634 2279 1004 1723 1120 1364
6bc0616e2f7a49e157dbce35fe79da02381b35f3bd332f9a2b17a46b366be382 0.999 3059 1337 2826 1892 1110 1285 1292 717
6bd27c27e3d19fc8c3b2cbddacf4192527f4f8be65500b14ff573267f79853a5 0.999 2745 1729 3037 2143 1715 3136 1417 2719
6bd27c27e3d19fc8c3b2cbddacf4192527f4f8be65500b14ff573267f79853a5 0.999 2458 1314 2665 1593 1315 2603 1102 2318
6eb863cfcb20d281b698f4ff2e565e4c4f4218a9cf7b18236a1c7895098fc725 0.999 3147 3018 2892 3302 1268 1850 1517 1555
71a44d6571aee84951ca3666d2961a06356cd5331ed5c856245e3d28abe8abaa 0.999 2805 2261 2790 2858 1502 2839 1517 2232
73eb67c8f582b0ab05d286d7824f4ac03898a09df5561fa73e62edc9a46e8104 0.999 2213 960 3404 3093 1843 3965 656 1813
76f340b7c6dd851a668db6d24da0d2b73e7c620e0e2decd5c6fbd8738c2977db 0.999 1815 1718 2109 2220 1144 2792 847 2283
76f340b7c6dd851a668db6d24da0d2b73e7c620e0e2decd5c6fbd8738c2977db 0.999 2588 2957 2826 3378 1836 3980 1591 3559
78cbaf12c5090f6f41b77f4e04c1dbb5edf6aef0f8fb140f53135d20a017f53e 0.999 2008 596 2346 950 911 2380 595 2039
78cbaf12c5090f6f41b77f4e04c1dbb5edf6aef0f8fb140f53135d20a017f53e 0.999 2804 1411 3058 1660 1603 3092 1354 2836
7a3caae6111fceaefeaaa7d89c05c6d576bbb5ef61792ebced5a1e4b5290691d 0.999 2800 2244 2862 2497 585 2967 527 2716
7a57cc7d4b1527c0dc5512754aadb891a00eb70f9b3cc09cd64ea14635e9bfa5 0.999 3271 2839 3097 3321 1208 2672 1375 2197
7aa89b6fe46b6a46f1743359e8194278d233a58fdedcef24398c6109fbc44461 0.999 2652 2228 2505 2507 1066 1820 1191 1532
7aa89b6fe46b6a46f1743359e8194278d233a58fdedcef24398c6109fbc44461 0.999 3066 1237 2898 1599 1455 931 1633 562
7aa89b6fe46b6a46f1743359e8194278d233a58fdedcef24398c6109fbc44461 0.999 2496 2554 2338 2925 879 2212 1044 1862
7adea7005096aaea1d642b31b52feff8cdb116fa025b3f88a4386a01248e4f98 0.999 2174 658 1949 2344 1476 2280 1697 597
7af5e753cdf0594033d54e0d54190c0206bb0f3e563303c67791c5991237eede 0.999 2179 1691 2612 2478 2240 2684 1805 1903
7af5e753cdf0594033d54e0d54190c0206bb0f3e563303c67791c5991237eede 0.999 1580 2001 2025 2801 1665 3005 1207 2189
7b09cb3b96c429995b088b277876ff59ab893ee2013ff0d1fd9c0d73065bd87f 0.999 3956 2800 3620 3373 3286 3178 3635 2610
7b09cb3b96c429995b088b277876ff59ab893ee2013ff0d1fd9c0d73065bd87f 0.999 3575 2025 2980 2999 2516 2729 3091 1755
7b0c1790308a8a569f447c222d045da6f3a481a6480bff21d1b0396d0ad62316 0.999 3067 720 3591 1793 3171 1996 2661 926
7b109dbb0e128d36257651ec0de907e1afc258cc401962e2df7abbebb0e99214 0.999 2989 1476 1835 3118 1685 3004 2827 1366
7b109dbb0e128d36257651ec0de907e1afc258cc401962e2df7abbebb0e99214 0.999 3705 2011 2503 3599 2333 3451 3505 1870
7b109dbb0e128d36257651ec0de907e1afc258cc401962e2df7abbebb0e99214 0.999 2659 1236 1470 2879 1309 2755 2481 1118
7b109dbb0e128d36257651ec0de907e1afc258cc401962e2df7abbebb0e99214 0.999 3351 1737 2173 3353 1990 3213 3149 1597
7d0980303e29b589ce833d807a1b380b5ecdd3c3c2809f4c3e5e94318b943e84 0.999 3119 1893 3229 2132 1269 2935 1181 2668
7d0980303e29b589ce833d807a1b380b5ecdd3c3c2809f4c3e5e94318b943e84 0.999 2809 1099 3080 1774 1128 2549 862 1859
7ed0ef21879243e1978a3cafea2e8a6078ffaffc4826b7d0b779c6262b264d30 0.999 3254 2237 3129 2717 924 2160 1057 1694
7faec8eb64b77a25db7a325fe82d149aac45a64a00ee9f198549cd5ba98a516a 0.999 4306 1811 3250 3872 2968 3716 4016 1676
7faec8eb64b77a25db7a325fe82d149aac45a64a00ee9f198549cd5ba98a516a 0.999 3494 1400 2429 3484 2122 3309 3175 1232
84ee0166c9c561810da7acd9c24862fca021cc72987c86705d7c88cadd028195 0.999 2486 2398 2347 2775 727 2332 836 1956
84ee0166c9c561810da7acd9c24862fca021cc72987c86705d7c88cadd028195 0.999 2749 1434 2514 2342 855 1900 1102 993
84ee0166c9c561810da7acd9c24862fca021cc72987c86705d7c88cadd028195 0.999 2348 2834 2268 3168 639 2735 714 2415
869ed296875a7871ead7166b62fe3863d75d519791121264c628739d4f3d102e 0.999 2049 848 2299 1127 1082 2313 805 2030
86c743ee7ef4083727492b3e734d84566716edbeb846cc6b05b4868c491a0f85 0.999 3236 2183 2970 2479 1599 1260 1862 963
86fa8378a39e5af00b65e027943f4a857e273e2ef1b22e0d6f655c4ddb360fbc 0.999 2405 926 2112 2078 1502 1921 1802 770
8ab2010e7851b7f6a13e2f318680b5c743549f6faf283e224de26f62e5d3d8ef 0.999 3019 2910 2839 3652 701 3101 891 2354
8b0d9ca8a264bdd325f9a3b12e72c850f9d267dc00eb33716fef87873c011998 0.999 2921 1479 2411 2929 2129 2831 2625 1355
8b57c5643dc7e5c36a9f0827ee52b6a4ab705d31c3c67bc8820339154a9548ff 0.999 1257 1181 1885 3378 1564 3462 951 1271
8c2338c454d19b423e9b5a5b9d5486ea1fdf990eccc7049ae6bf0825806cfd0b 0.999 3025 2319 3525 3434 3137 3608 2617 2476
8d1249b14e4f9c21c27dc1a8762d99be62a56014e03577c085dfd3bb1d0d4e22 0.999 1718 746 2196 3112 1614 3214 1124 846
8d1249b14e4f9c21c27dc1a8762d99be62a56014e03577c085dfd3bb1d0d4e22 0.999 912 864 1381 3280 876 3366 415 945
91e1c301709632a3e26cf1e6ea25010004ae71aece04799523c290ab1ae19e66 0.999 3591 971 3154 2794 2272 2607 2708 806
9271ed4b6f549d5e8cf3abca7ded1abffae8c8d719dd1878cc711e86df3686f7 0.999 2971 2895 2684 3567 1126 2907 1410 2226
92e9951544af699cd02d74ba0dcaac98e0c58baa5c02f06ba82c9511812bd084 0.999 2130 2072 2132 2335 799 2363 791 2102
92e9951544af699cd02d74ba0dcaac98e0c58baa5c02f06ba82c9511812bd084 0.999 2106 1324 2115 1668 782 1709 776 1371
956ca97e6cf4a6478843c392f43e7e18acda9803dd860b52ffa38a33ef59b238 0.999 2935 1033 3107 1339 1042 2529 861 2222
956ca97e6cf4a6478843c392f43e7e18acda9803dd860b52ffa38a33ef59b238 0.999 3856 2728 4023 2996 1991 4133 1852 3877
96eb62809960e68eb012c2c2bc2cf723d4b424f7f8de48d5643767a3c06b7486 0.999 3456 1383 3344 1702 1216 1008 1331 684
988dfbca2dc06205eb732a4539d0f2d885ae5c4bb709bf9df9c994ac0918131a 0.999 3607 2673 3438 2953 1700 1888 1865 1626
988dfbca2dc06205eb732a4539d0f2d885ae5c4bb709bf9df9c994ac0918131a 0.999 2660 4144 2556 4319 1075 3481 1182 3300
988dfbca2dc06205eb732a4539d0f2d885ae5c4bb709bf9df9c994ac0918131a 0.999 3277 3199 2830 3919 898 2804 1339 2052
98aa0681e04fc0338200f08eeaa25e5439cfd50146febaf5aa662784cf86110d 0.999 3950 1642 2994 3563 2768 3443 3704 1533
98c29a43e44761ddee2b938421703f8f82b3b28cd7d2cc3b149c04375e01f008 0.999 2885 668 3607 2061 3271 2230 2580 839
98ce1b52a11092ce41e15d150729ff0d97a3704ca5029c1f92fac10fbc0dc8c7 0.999 1956 1175 1319 2246 863 1983 1502 903
98ce1b52a11092ce41e15d150729ff0d97a3704ca5029c1f92fac10fbc0dc8c7 0.999 2423 1577 1701 2833 1384 2640 2124 1394
98ce1b52a11092ce41e15d150729ff0d97a3704ca5029c1f92fac10fbc0dc8c7 0.999 3107 1495 2267 2925 1986 2774 2850 1332
99e0532312a183f0897487bbc871236c10d7698b0d9081744a71a09484adf5e5 0.999 1832 935 2522 2639 2218 2814 1514 1074
9da861860d04614b3c2c38e58eeb248afcdac3ff9c9ca4c067930bcb3879b864 0.999 4027 2038 3400 2735 1824 1215 2436 508
9e2f4517033af487e36b576d2452038d513d361efc20e6bc02cd016283878bbd 0.999 1059 643 1180 1808 784 1842 676 683
9e2f4517033af487e36b576d2452038d513d361efc20e6bc02cd016283878bbd 0.999 2277 1755 2390 2939 1882 2975 1762 1789
9e2f4517033af487e36b576d2452038d513d361efc20e6bc02cd016283878bbd 0.999 1878 552 1991 1740 1577 1777 1464 593
9e67e606a7ee5ae65d49bf74fbb54a24d7ef6d089bb802f787eef5346899d251 0.999 3956 2283 3410 3634 3194 3553 3757 2189
9f191f19931f87da5d23f8f493592ffdc5e496c54ae5d7e24d739e90bf8e8304 0.999 2080 411 2612 2600 1948 2766 1401 578
a00d0767da1752000404360414b09fbaa4932d0490e8045d6dabbaa427e43c52 0.999 2528 3265 2261 3901 970 3354 1241 2744
a00d0767da1752000404360414b09fbaa4932d0490e8045d6dabbaa427e43c52 0.999 2923 2364 2788 2657 1488 2150 1627 1849
a00d0767da1752000404360414b09fbaa4932d0490e8045d6dabbaa427e43c52 0.999 3397 1342 3160 1872 1820 1320 2052 781
a00d0767da1752000404360414b09fbaa4932d0490e8045d6dabbaa427e43c52 0.999 3149 1891 2935 2355 1621 1824 1822 1355
a00d0767da1752000404360414b09fbaa4932d0490e8045d6dabbaa427e43c52 0.999 2789 2700 2548 3223 1251 2700 1468 2174
a14db8593ab175186e09cbe1596bfd47030a2483dfb5ac634e8dac3b6baf4853 0.999 3011 3114 2793 3452 986 2118 1237 1770
a153d3f52d15272d1d091a6a52e8c8ec707529e97edd899605165067bf829698 0.999 2527 2798 2631 3195 1864 3380 1768 2986
a153d3f52d15272d1d091a6a52e8c8ec707529e97edd899605165067bf829698 0.999 2397 2309 2449 2496 1706 2695 1656 2511
a153d3f52d15272d1d091a6a52e8c8ec707529e97edd899605165067bf829698 0.999 2045 572 2167 967 1216 1228 1105 848
a153d3f52d15272d1d091a6a52e8c8ec707529e97edd899605165067bf829698 0.999 2581 1360 2761 2015 1147 2471 976 1816
a19eb0ee1b4ac5ac3b2b41eba598a5884fe064757021047ed039a9476e44432f 0.999 3519 3015 3310 3384 1075 2163 1285 1789
a19eb0ee1b4ac5ac3b2b41eba598a5884fe064757021047ed039a9476e44432f 0.999 4148 1945 4074 2085 2043 856 2124 725
a1f828b9ab1ce5c82526b134591125a82959c10bc4171136b7f35a2f6f7dffba 0.999 2062 2891 2732 3820 2486 3987 1834 3069
a1f828b9ab1ce5c82526b134591125a82959c10bc4171136b7f35a2f6f7dffba 0.999 2179 1331 3552 3286 3099 3619 1724 1653
a246e96d56a2d52e92eb0a4900d34146320bcebb90b4321b2d95c8461f48fdd0 0.999 1210 748 1566 2872 891 3000 530 866
a2a8bdc72c94801f792ccdadf6d68c7e072c5698fff890662fcda32237c5c076 0.999 3011 1546 2017 2864 1680 2610 2679 1286
a2a8bdc72c94801f792ccdadf6d68c7e072c5698fff890662fcda32237c5c076 0.999 3380 1848 2253 3325 1988 3123 3108 1639
a2a8bdc72c94801f792ccdadf6d68c7e072c5698fff890662fcda32237c5c076 0.999 2526 1153 1401 2650 947 2310 2065 833
a2b406617650341e35a85f6ca83f9ee0630a0751a6ef94dbbf1f46e5fc52db38 0.999 2857 1747 2682 2328 1289 1912 1451 1335
a2b406617650341e35a85f6ca83f9ee0630a0751a6ef94dbbf1f46e5fc52db38 0.999 2652 2384 2552 2730 1153 2295 1254 1953
a372f192077420a300f025979ace2b7324f3bb09edbf1f27c88abdf18da943fb 0.999 2368 1152 2686 1532 1397 2609 1085 2232
a372f192077420a300f025979ace2b7324f3bb09edbf1f27c88abdf18da943fb 0.999 2809 1658 3057 1945 1745 3069 1499 2789
a372f192077420a300f025979ace2b7324f3bb09edbf1f27c88abdf18da943fb 0.999 2012 716 2327 1102 1052 2192 734 1823
a3a1cba7fec28913cb14473a4b209d344e013584c3c2c713eb8609f0f83fec9a 0.999 4169 1695 3173 3696 2813 3510 3811 1513
a46455525b39c2c397535c9b6af9956795bbe75853cff41d010e25fc947079ca 0.999 969 2367 2664 4161 2518 4306 816 2493
a46455525b39c2c397535c9b6af9956795bbe75853cff41d010e25fc947079ca 0.999 1300 2040 3008 3859 2856 3995 1169 2195
a46455525b39c2c397535c9b6af9956795bbe75853cff41d010e25fc947079ca 0.999 1934 1412 3673 3280 3550 3388 1814 1534
a4adaaba5f0bbbc162095b86ed4f9f0032a0ef7e3162444b37544b6cd9e4a0fb 0.999 3009 2656 2929 3108 430 2636 535 2184
a5387aed36d4b14fef3119182971b0905ad6875f103a2e095d81ad35a74a812f 0.999 2936 2041 2801 2425 1430 1934 1569 1552
a5387aed36d4b14fef3119182971b0905ad6875f103a2e095d81ad35a74a812f 0.999 3093 1595 2959 1979 1590 1514 1723 1135
a5f8cc0cce908b32cfe4578b9d744ad36255c308b13b0f49b7816325634cfcbe 0.999 3165 3525 2619 4228 922 2869 1473 2169
a5f8cc0cce908b32cfe4578b9d744ad36255c308b13b0f49b7816325634cfcbe 0.999 3719 2854 3511 3105 1843 1759 2043 1490
a5f8cc0cce908b32cfe4578b9d744ad36255c308b13b0f49b7816325634cfcbe 0.999 4185 2254 3799 2723 2151 1389 2516 931
a674f17170f9998971ab0a7365769e67ac47f964086bc364e2fcf548479f7a8e 0.999 1331 2418 1506 3008 1235 3108 1052 2509
a674f17170f9998971ab0a7365769e67ac47f964086bc364e2fcf548479f7a8e 0.999 2270 2102 2493 2792 2299 2847 2073 2175
a77fb7d394e5751899e9dbefbc811808968191b368efc4e6b2820953a3ca1abe 0.999 2999 1532 2420 3319 2002 3170 2621 1379
aac22169ede8bccc5107cb1a0ff067d8d832d7e62eb4395f8272ea6364ddc922 0.999 3292 1931 3646 2380 2113 3595 1777 3173
aac22169ede8bccc5107cb1a0ff067d8d832d7e62eb4395f8272ea6364ddc922 0.999 2769 1216 3178 1708 1569 2973 1174 2501
aac22169ede8bccc5107cb1a0ff067d8d832d7e62eb4395f8272ea6364ddc922 0.999 1962 691 2368 1193 1241 2110 832 1619
aac22169ede8bccc5107cb1a0ff067d8d832d7e62eb4395f8272ea6364ddc922 0.999 4092 2480 4558 3092 2623 4616 2155 4010
ab00439b7721653249bf0b2391c86440daf6083a19b5b6774f269fbb5805b751 0.999 2431 2470 2874 2963 2040 3681 1600 3192
ada97d431e2f7d747b489a1fe45eec896a6ef6bc0ce10d805d32cdb6800c670a 0.999 2011 1529 2767 3014 2523 3118 1793 1659
ae8cf0721ec7a174e90ad5c7814bbeace9f4a36d307984e245c41706f4d6ba54 0.999 3165 1154 3037 1695 935 1178 1083 617
ae8cf0721ec7a174e90ad5c7814bbeace9f4a36d307984e245c41706f4d6ba54 0.999 2542 3558 2423 4047 376 3621 473 3115
af34db4026bd5a1e8df066e512892fee0d9a9e7d1f791522ef8c84a6b3ed111d 0.999 3023 3453 2867 3872 608 3033 770 2605
af34db4026bd5a1e8df066e512892fee0d9a9e7d1f791522ef8c84a6b3ed111d 0.999 3629 1768 3476 2163 1270 1344 1412 954
af34db4026bd5a1e8df066e512892fee0d9a9e7d1f791522ef8c84a6b3ed111d 0.999 3430 2276 3300 2615 1102 1761 1234 1430
af34db4026bd5a1e8df066e512892fee0d9a9e7d1f791522ef8c84a6b3ed111d 0.999 3273 2725 3071 3308 826 2463 1037 1878
b0505c9fdaa2cdfacbcdf6e7c3eb885324d0a4f3df848a5f32d45eda69cda53c 0.999 3455 1565 2309 3444 2084 3301 3225 1426
b0505c9fdaa2cdfacbcdf6e7c3eb885324d0a4f3df848a5f32d45eda69cda53c 0.999 4006 1878 2774 3797 2472 3593 3699 1692
b08c5566bb7522267e4e200ade37b683880cfafe803f58cdc0678d470c8769dd 0.999 1377 1799 1607 2715 1284 2785 1052 1878
b111d0d7218314f5f66144efa75245eea327862abb6d492af24324f5ed9970eb 0.999 2824 3716 2379 4144 909 2707 1370 2281
b111d0d7218314f5f66144efa75245eea327862abb6d492af24324f5ed9970eb 0.999 3344 3164 2941 3598 1515 2165 1948 1754
b1c32fddd0d18cfba457c59231e57f19ef567657b8d7217469b9243a495811db 0.999 3306 2145 3392 2376 1123 3237 1042 3001
b1c32fddd0d18cfba457c59231e57f19ef567657b8d7217469b9243a495811db 0.999 2918 1154 3098 1641 848 2487 665 2005
b1c32fddd0d18cfba457c59231e57f19ef567657b8d7217469b9243a495811db 0.999 3584 2831 3705 3151 1431 4051 1313 3732
b2f675a3fbc8e2672e05446e4f0c3a64e8b3981f7420d99287b000b1c9097e51 0.999 2387 1644 2913 2519 1610 3413 1074 2525
b416b55f030899ebeb52dc11227a10b32dbc9947a74cda155ca3b0d68727f8a5 0.999 3688 2649 3411 3223 1406 2179 1709 1640
b416b55f030899ebeb52dc11227a10b32dbc9947a74cda155ca3b0d68727f8a5 0.999 3329 3348 2786 4398 773 3300 1343 2260
b416b55f030899ebeb52dc11227a10b32dbc9947a74cda155ca3b0d68727f8a5 0.999 3921 2225 3782 2475 1840 1483 1970 1230
b416b55f030899ebeb52dc11227a10b32dbc9947a74cda155ca3b0d68727f8a5 0.999 4273 1491 4076 1883 2138 946 2330 571
b7d9986d236d55990d654730353892fefff51fc3d2fd0abc0b60eba5e8e7bd09 0.999 1154 1685 2542 3719 2091 4036 691 1980
b7d9986d236d55990d654730353892fefff51fc3d2fd0abc0b60eba5e8e7bd09 0.999 2163 1023 3542 3032 2654 3621 1285 1621
b815d78f8007140420f941cd8d408432bff8f15c9f23474c8ec58554571a34f8 0.999 3049 653 2312 3445 1853 3332 2612 538
b815d78f8007140420f941cd8d408432bff8f15c9f23474c8ec58554571a34f8 0.999 2505 529 1697 3282 1276 3171 2063 405
ba38cf5306e4d6b6446dd34881bf6741db3c210101599ad479433c9c03986c3a 0.999 1794 865 3294 2650 3013 2887 1520 1103
ba38cf5306e4d6b6446dd34881bf6741db3c210101599ad479433c9c03986c3a 0.999 2422 360 3873 2198 3674 2352 2202 532
bc1546bc37c64c2771b6f371aa462b73baa8729fb73e5b5818666ab59330eb83 0.999 1592 1672 2496 3066 2281 3189 1385 1798
bc262e1982801ccc85ef1fe96b8600eae125054c5dd8dcbfda44d01cb900acda 0.999 2659 2188 3143 2843 1942 3790 1460 3127
bc262e1982801ccc85ef1fe96b8600eae125054c5dd8dcbfda44d01cb900acda 0.999 1943 1263 2530 2033 1329 2926 727 2140
bdea2ea2efcd4d0b218b6b7682acc3f1c7baaf01cea97a43ca56a190b3818bbb 0.999 2927 671 3546 1664 3098 1944 2476 954
bdea2ea2efcd4d0b218b6b7682acc3f1c7baaf01cea97a43ca56a190b3818bbb 0.999 1269 1669 1912 2697 1496 2956 845 1934
bdea2ea2efcd4d0b218b6b7682acc3f1c7baaf01cea97a43ca56a190b3818bbb 0.999 2287 1054 2906 2060 2479 2319 1875 1313
bdea2ea2efcd4d0b218b6b7682acc3f1c7baaf01cea97a43ca56a190b3818bbb 0.999 1757 1362 2408 2376 2067 2589 1419 1586
be3d4e6bf21bd2b0a8593a29d1841e8e821844aedf68722e22730c9f42c8943e 0.999 3200 1619 3348 2696 2940 2750 2789 1680
be3d4e6bf21bd2b0a8593a29d1841e8e821844aedf68722e22730c9f42c8943e 0.999 2052 618 2209 1725 1667 1786 1518 689
be3d4e6bf21bd2b0a8593a29d1841e8e821844aedf68722e22730c9f42c8943e 0.999 3131 496 3272 1598 2748 1674 2595 569
be3d4e6bf21bd2b0a8593a29d1841e8e821844aedf68722e22730c9f42c8943e 0.999 1618 1801 1743 2907 1302 2963 1177 1873
c0ceda9f0a1aeb2efa804102c4bbe814f63a5cb3a54bc95940700cec2108c10a 0.999 4091 2255 3889 2491 2254 1200 2430 949
c0ceda9f0a1aeb2efa804102c4bbe814f63a5cb3a54bc95940700cec2108c10a 0.999 3681 2710 3157 3369 1581 2107 2087 1432
c178855c710ef3067e2772450b2669a977e62d68e9c886304722a57ea2d8224b 0.999 3108 1916 3363 2254 1892 3387 1638 3057
c178855c710ef3067e2772450b2669a977e62d68e9c886304722a57ea2d8224b 0.999 3431 2374 3643 2648 2192 3780 1988 3526
c178855c710ef3067e2772450b2669a977e62d68e9c886304722a57ea2d8224b 0.999 2934 1509 3043 1666 1497 2853 1391 2709
c178855c710ef3067e2772450b2669a977e62d68e9c886304722a57ea2d8224b 0.999 2517 949 2625 1085 1064 2272 959 2140
c178855c710ef3067e2772450b2669a977e62d68e9c886304722a57ea2d8224b 0.999 3913 2849 4146 3153 2619 4381 2392 4058
c3898f606872ac774bd8066e14f535ab67be566164e191576e086b76ad65b023 0.999 1884 1070 1962 1354 623 1746 541 1463
c3898f606872ac774bd8066e14f535ab67be566164e191576e086b76ad65b023 0.999 2665 2048 2788 2519 1007 3024 872 2561
c3898f606872ac774bd8066e14f535ab67be566164e191576e086b76ad65b023 0.999 2248 1474 2377 1851 804 2313 691 1927
c3e81c3c76f06087466bb9577718ae537cc7643f153d9cffaf8bc4ac27ee5c5f 0.999 1979 1013 2731 3203 2517 3279 1763 1115
c3e81c3c76f06087466bb9577718ae537cc7643f153d9cffaf8bc4ac27ee5c5f 0.999 1544 1182 2291 3337 1926 3462 1186 1308
c3e81c3c76f06087466bb9577718ae537cc7643f153d9cffaf8bc4ac27ee5c5f 0.999 3011 628 3788 2877 3520 2964 2742 722
c4e97dae7172eb660d3ae1acde4896ec5d31dabc6615cf2a32fc8486370a2b82 0.999 3073 2547 2995 2900 1845 2618 1931 2258
c4e97dae7172eb660d3ae1acde4896ec5d31dabc6615cf2a32fc8486370a2b82 0.999 2865 3397 2758 3857 1601 3580 1712 3121
c57b946a628078bd540c6ec67c7f74cf8d65f0f41abc5f00275cb8a762f6c13e 0.999 3942 2464 4111 2678 2228 4036 2077 3813
c95933e5ca7f3a91846bd0b314b251ffe697a25e7ed33fe40d2db53f64176991 0.999 2596 1694 2375 2105 1117 1383 1341 965
ca4fa9fd330f8a8e63a65b9a52205d76f692513279fcf34e539362de2e75175a 0.999 4356 2440 3176 4120 2829 3873 3991 2179
d04c075d964781bf0d7bc1d90a164baa1804c131fee16b2e247c4bf2213d5664 0.999 3052 2609 2820 2960 866 1713 1093 1364
d04c075d964781bf0d7bc1d90a164baa1804c131fee16b2e247c4bf2213d5664 0.999 2737 3089 2532 3420 572 2175 808 1838
d04c075d964781bf0d7bc1d90a164baa1804c131fee16b2e247c4bf2213d5664 0.999 2361 3664 2252 3853 310 2596 427 2415
d1f4314f8a2d89c228497107324fcecaed78b6fe9d8ca21e27914483220aa705 0.999 1435 465 1422 1554 1008 1547 1016 460
d26894a78ea8ebccc13a04967d089fc369128b75c7e93cd980afa3f70ec6c19f 0.999 2185 554 1417 2778 799 2584 1540 360
d339989cddf2f8abc5b34fed73878dffa1661211ba92d8ef510ff6130f74b625 0.999 3395 2001 3538 2214 1696 3408 1568 3199
d339989cddf2f8abc5b34fed73878dffa1661211ba92d8ef510ff6130f74b625 0.999 3647 2357 3800 2596 1947 3816 1817 3581
d339989cddf2f8abc5b34fed73878dffa1661211ba92d8ef510ff6130f74b625 0.999 2342 842 2693 1403 1110 2443 759 1896
d344bb3eb650adb30796894429589b2b450fcb671ced73ca87fc7682c022d66b 0.999 3348 3174 2769 4409 651 3387 1250 2163
d344bb3eb650adb30796894429589b2b450fcb671ced73ca87fc7682c022d66b 0.999 3585 2670 3366 3129 1288 2129 1501 1681
d344bb3eb650adb30796894429589b2b450fcb671ced73ca87fc7682c022d66b 0.999 3826 2095 3604 2575 1545 1632 1786 1178
d49e904d969b6d09aae8ada8e80ba57ca344e472647628c822500a05e078539a 0.999 3296 1013 3211 1454 1137 979 1237 553
d49e904d969b6d09aae8ada8e80ba57ca344e472647628c822500a05e078539a 0.999 2960 2444 2829 3041 794 2584 960 1978
d49e904d969b6d09aae8ada8e80ba57ca344e472647628c822500a05e078539a 0.999 2794 3156 2692 3564 681 3101 776 2690
d49e904d969b6d09aae8ada8e80ba57ca344e472647628c822500a05e078539a 0.999 3115 1870 2974 2406 947 1941 1080 1387
d4baf901c265c1c7f64c5f596afb632049d5416466ceaa1dff5204d92adb2673 0.999 1858 1478 3285 3241 3011 3479 1583 1706
d4baf901c265c1c7f64c5f596afb632049d5416466ceaa1dff5204d92adb2673 0.999 2554 947 3972 2705 3481 3095 2078 1331
d4baf901c265c1c7f64c5f596afb632049d5416466ceaa1dff5204d92adb2673 0.999 2892 690 4320 2428 4169 2531 2749 808
dba70233ae87701215ec7cebe7d762ec7bd849006566de7371e7b8e0701e4a8f 0.999 3100 2266 2973 2881 711 2421 813 1814
dc8cc75580c6cfe2dae786063716206848c5955676efcb532e6d2fc63e0a8185 0.999 4260 2153 3826 2628 2301 1438 2635 972
dcf49d83d09f0c81b5e38e4ed0207534edb7e590338824c28db62626ad18d0e7 0.999 3382 1515 2107 3578 1861 3420 3143 1369
dcf49d83d09f0c81b5e38e4ed0207534edb7e590338824c28db62626ad18d0e7 0.999 3911 1856 2619 3906 2342 3731 3632 1658
e13e32556aead7af0ccd5a419f76dfd6920412b5ae471291b4d771069721cf6a 0.999 3174 1037 3072 1655 661 1275 750 672
e13e32556aead7af0ccd5a419f76dfd6920412b5ae471291b4d771069721cf6a 0.999 3029 1932 2964 2263 562 1854 615 1524
e225e233a0134a3698832f068b95ab6392d1407441aae2a06a9ca2da647eea2d 0.999 2622 2665 2426 3055 722 2347 899 1938
e706a4100ed644baece814f1f3ae7c7899a01198e89a5b63e9ab92e5709b014b 0.999 3459 1458 2751 3146 2324 2940 3037 1269
ea4fe24c760b17f102179cfc1f46344ade6b6301a899af69fe810e4fde02a90d 0.999 3462 3149 3205 3777 1279 3049 1502 2426
eab436e328161076de97feeb94984794715d31992992b7edcd42aa125986b7c5 0.999 2364 1180 2557 1518 1088 2372 887 2040
f58a57c4a05682e0a4323197bed14dade915bd83f7f0e24a9fb170161b3f7e9c 0.999 2729 2033 3156 2489 2515 3114 2070 2679
f58a57c4a05682e0a4323197bed14dade915bd83f7f0e24a9fb170161b3f7e9c 0.999 3301 2887 3788 3444 3154 4035 2638 3517
f617005c255af0d847b212520c9f9c531c2bb71661ac4041420b983c63d1248b 0.999 2327 3204 2111 3566 671 2675 894 2325
f69631514b7942228f426365a7439a6546f23c263de31cfda83c1f5646e5e0df 0.999 2791 4045 2471 4470 560 2995 878 2567
f69631514b7942228f426365a7439a6546f23c263de31cfda83c1f5646e5e0df 0.999 3490 3154 3220 3517 1264 2039 1536 1679
f6bb0c8f50849d3cb1b5cef309a5a8058d4da529a9451b365c9c0e8ef842fef7 0.999 2829 3127 2785 3489 1226 3310 1286 2950
f6fa50c54e8f618d1d713cde3e45a0fc22aa75fb057a7f50a71e5cb90ded6562 0.999 2441 316 2639 2535 2323 2576 2114 347
f9e3e4df256c043394ec9271cc6ce10dee1ac26632d68460d69e7b0471daff8e 0.999 2415 1999 3228 3307 2728 3628 1891 2312
f9e3e4df256c043394ec9271cc6ce10dee1ac26632d68460d69e7b0471daff8e 0.999 2795 1764 3628 3050 3334 3243 2494 1941
faec6b99ec5f8fff95531199277c5f73621e9b1e2cbfa35e553382995540caef 0.999 3046 1719 2364 2844 2099 2691 2798 1554
fb4bb7d491da7890fd5851a61f588ec892de4ebee4c0a98a77c859b03cb8e89d 0.999 3920 1772 2634 3814 2365 3641 3659 1627
fb4bb7d491da7890fd5851a61f588ec892de4ebee4c0a98a77c859b03cb8e89d 0.999 3051 1255 1803 3284 1417 3019 2676 1032
fb4bb7d491da7890fd5851a61f588ec892de4ebee4c0a98a77c859b03cb8e89d 0.999 2478 919 1265 2917 950 2727 2152 725
fb80f3e8549fca7532a1f48530866df5cb5ab98a0f0fcb1b5861aee5090ade56 0.999 4545 1983 4082 3058 3584 2857 3992 1758
fb80f3e8549fca7532a1f48530866df5cb5ab98a0f0fcb1b5861aee5090ade56 0.999 3941 3084 3560 4143 3192 4005 3585 2935
fb80f3e8549fca7532a1f48530866df5cb5ab98a0f0fcb1b5861aee5090ade56 0.999 3808 1747 3394 2789 2983 2624 3413 1593
fe69bdd12c954b657fdd08af5f858fe6bd49beca87aa5d3c9cbd47d3ae6ae990 0.999 1979 910 3129 2526 2179 3185 1031 1594
feaec4aba1672b5be08e40b61d7494e3839a2cf585685e54151a31b076caeec5 0.999 2886 1032 2606 1559 1703 1086 1984 564
ff9be55923406e5a55c6c74613ea48460bd62071dd56ad50f5a64bf1414161c9 0.999 2471 1958 2752 2716 1027 3378 742 2631
ff9be55923406e5a55c6c74613ea48460bd62071dd56ad50f5a64bf1414161c9 0.999 2224 1288 2401 1781 648 2422 470 1943
