00325ee229f4b80a01fac8ae4981bdf75ad05261902c19265b981de4a6488f49 0.999 2657 1250 3650 2696 3173 2983 2234 1527
00331e8326ffc52da48df480befd5f127f9919dc28ece8329557cdccc394dd76 0.999 2510 2253 2747 2591 1454 3468 1226 3120
00331e8326ffc52da48df480befd5f127f9919dc28ece8329557cdccc394dd76 0.999 3168 2789 3468 3217 2032 4318 1728 3858
003508c55a9519a1848026b5b4d836e6ef38c2ff4fcddc2c213f2d8a8bdf92e6 0.999 3554 2944 3099 3595 1257 2272 1731 1604
004eb8620c417301d9dd197c7c021bba65591923e19a851cda70ffa99c0c1970 0.999 2747 1630 2074 3093 1771 2976 2481 1487
004eb8620c417301d9dd197c7c021bba65591923e19a851cda70ffa99c0c1970 0.999 3471 2070 2840 3393 2344 3136 2965 1821
004eb8620c417301d9dd197c7c021bba65591923e19a851cda70ffa99c0c1970 0.999 2321 1368 1474 3151 1189 3022 2054 1253
0284f1c79c30a5dcc73ba42c4a8cbe4c20e2e6d3d91642f648a9e7af7f90a9a8 0.999 3269 2107 3358 2261 1615 3169 1527 3025
02b1b78ee822bdf677fa068e49c860208ae596a60f5269cdac89b6a8b6f3cb15 0.999 3272 2220 2870 2819 1268 1750 1667 1146
02b1b78ee822bdf677fa068e49c860208ae596a60f5269cdac89b6a8b6f3cb15 0.999 3816 1400 3301 2193 1693 1110 2206 353
034b6bf42cc76865d4b26b865a6b37c516231c6d58f7ea1a804cd41cbac11910 0.999 3270 2734 3082 3083 1061 1927 1256 1574
034b6bf42cc76865d4b26b865a6b37c516231c6d58f7ea1a804cd41cbac11910 0.999 3113 3003 2906 3389 820 2348 1036 1943
034b6bf42cc76865d4b26b865a6b37c516231c6d58f7ea1a804cd41cbac11910 0.999 2268 3858 2080 4225 616 3466 802 3110
035a56b67337b38793806d632d9a83642886cff7051b96c236c00bd9a3fcfd08 0.999 2497 2084 2893 2652 1658 3539 1240 2969
047a538704d3f7122ef61d17e4046151e7d75f3b1b1cbe10e1323bb32e2de8e6 0.999 3445 2806 3574 3054 2372 3622 2252 3368
047a538704d3f7122ef61d17e4046151e7d75f3b1b1cbe10e1323bb32e2de8e6 0.999 2447 1477 2674 1937 2020 2279 1797 1813
06278e581ba94b59204e1b680a11a770308f71bc751d49ef5e1801f791eccd7d 0.999 2676 612 2865 890 965 2203 757 1915
068b5c52c0664ccd905f49f3364b291169a221e1acc4db3ea9c9846c48647331 0.999 2712 1100 3741 2974 3434 3138 2402 1266
068b5c52c0664ccd905f49f3364b291169a221e1acc4db3ea9c9846c48647331 0.999 2032 1461 3059 3367 2739 3546 1708 1652
06b8b42e932ab26118419a5b8fba78d133e50b92945da8011a93ce0cb2dcf801 0.999 2452 717 2208 2425 1612 2307 1833 599
06b8b42e932ab26118419a5b8fba78d133e50b92945da8011a93ce0cb2dcf801 0.999 1766 622 1533 2311 1168 2275 1411 575
099d39e1d076fa1afbda8b0971b1b8bd2a26b09740166ce0354fd5432cf68daf 0.999 2428 628 2498 947 389 1387 320 1069
099d39e1d076fa1afbda8b0971b1b8bd2a26b09740166ce0354fd5432cf68daf 0.999 2533 1122 2659 1614 541 2058 436 1549
0a2480d83f185f3963ac2c26f0fafebc8190514371ddb6d73867e93d2d5657d1 0.999 2699 1478 2963 1963 1245 2873 1005 2395
0a2480d83f185f3963ac2c26f0fafebc8190514371ddb6d73867e93d2d5657d1 0.999 2994 2000 3413 2772 1677 3689 1274 2928
0a821a206091c1a6d606c6491eea3ff9649f181e94594a67f9ac9eb886f19caf 0.999 3075 1776 3301 2019 1800 3347 1586 3105
0a821a206091c1a6d606c6491eea3ff9649f181e94594a67f9ac9eb886f19caf 0.999 2330 921 2664 1284 1188 2659 910 2321
0a821a206091c1a6d606c6491eea3ff9649f181e94594a67f9ac9eb886f19caf 0.999 2746 1386 3059 1739 1561 3078 1256 2729
0aec9d09a901c865ac208d3860038be79bf43f76edfbdf25151faac402e588e5 0.999 1744 1128 2427 3212 2047 3340 1353 1255
0b0c5b79050e89468123564f61bc86c4751d087ee1c819c7a57272a1b039155c 0.999 3089 2313 2946 2761 951 2117 1099 1643
0c2672a3a217760b91d0bc92653f2cb4a18b551abac666189ad6b9d92869ba85 0.999 2098 773 2094 990 394 985 414 772
0c5c838c16b4415036467d66e47d718d86621575d6c69b94ee1f90eb1105dec8 0.999 2593 1456 2126 2969 1821 2874 2307 1357
0c5c838c16b4415036467d66e47d718d86621575d6c69b94ee1f90eb1105dec8 0.999 3342 1791 2914 3122 2400 2955 2825 1621
0c5c838c16b4415036467d66e47d718d86621575d6c69b94ee1f90eb1105dec8 0.999 2140 1316 1543 3108 1266 3025 1863 1212
0c8970deefbc4d208deb5208682f0045ded07c6096f934cb3aae2be092ca84c7 0.999 4329 2384 2847 4076 2514 3784 3965 2079
0c8970deefbc4d208deb5208682f0045ded07c6096f934cb3aae2be092ca84c7 0.999 2396 705 920 2501 684 2299 2149 502
0d9095e2ae6c6fe44231bd41019000bdab4be126ff6cb45e8ddd2c7c28ff7fe7 0.999 3072 1378 3110 2419 2869 2428 2828 1374
0d9095e2ae6c6fe44231bd41019000bdab4be126ff6cb45e8ddd2c7c28ff7fe7 0.999 1433 228 1521 1995 655 2014 569 253
0e8496baefed66f71653d76e65a133ee2052a39611b1b3120f75a3e626469633 0.999 2131 802 2949 2966 2651 3080 1824 919
0e8496baefed66f71653d76e65a133ee2052a39611b1b3120f75a3e626469633 0.999 702 1379 1510 3436 1063 3591 266 1546
0e87cd2df269581d6badcf07cb8557c8308416bd69c8a39ba8aa3e1d233765be 0.999 2034 1390 2174 1661 917 2281 774 2010
0e87cd2df269581d6badcf07cb8557c8308416bd69c8a39ba8aa3e1d233765be 0.999 2449 1691 2648 2041 1190 2771 1003 2419
0e87cd2df269581d6badcf07cb8557c8308416bd69c8a39ba8aa3e1d233765be 0.999 3072 2424 3282 2882 1620 3688 1408 3239
0e9cdbb3d200c5a783b9d118315f4b305e00809113f6c6d26bb399d9b9af185c 0.999 2874 3294 2722 3818 533 3195 672 2664
0e9cdbb3d200c5a783b9d118315f4b305e00809113f6c6d26bb399d9b9af185c 0.999 3100 2615 2978 2974 1905 2653 2013 2288
0e9cdbb3d200c5a783b9d118315f4b305e00809113f6c6d26bb399d9b9af185c 0.999 2969 2999 2889 3230 1823 2897 1903 2675
0f975cb8c5ee0c3e4adf67a935a934002d36709a314cb8b598cc6e5914e520a9 0.999 3461 3565 3242 3991 2013 3346 2245 2933
0fe4bfd6a199c080612215eb24855c7b56a30f6f917051d0b008c0799ece7975 0.999 1468 1323 2749 2837 2316 3168 1071 1665
0fe4bfd6a199c080612215eb24855c7b56a30f6f917051d0b008c0799ece7975 0.999 759 1911 1988 3430 1776 3591 552 2078
0fe4bfd6a199c080612215eb24855c7b56a30f6f917051d0b008c0799ece7975 0.999 2198 730 3446 2240 3054 2547 1791 1058
105ae952d3f3e01ccd0ff397f0b3fa1cb9b2da367f09b17a4367c381586ce4b7 0.999 2431 1525 2592 2118 809 2590 658 1992
105ae952d3f3e01ccd0ff397f0b3fa1cb9b2da367f09b17a4367c381586ce4b7 0.999 2288 1010 2413 1459 631 1918 513 1472
105ae952d3f3e01ccd0ff397f0b3fa1cb9b2da367f09b17a4367c381586ce4b7 0.999 2601 2195 2787 2913 997 3383 832 2656
10a272b2cafe2ea8d180d2085a373c710fcfe37ff37e8ed8ceb623850354a777 0.999 3560 1296 4372 2789 3779 3054 2955 1553
10a272b2cafe2ea8d180d2085a373c710fcfe37ff37e8ed8ceb623850354a777 0.999 2009 2115 2594 3390 2272 3547 1678 2274
10a272b2cafe2ea8d180d2085a373c710fcfe37ff37e8ed8ceb623850354a777 0.999 2933 1561 3743 3100 3184 3362 2357 1763
11b1dfdfa6851f348c4c4781e87f3d5cc42fb1e55ed731aaf1064037d2a6f1c4 0.999 3531 1651 3279 2394 1108 1673 1360 920
11b1dfdfa6851f348c4c4781e87f3d5cc42fb1e55ed731aaf1064037d2a6f1c4 0.999 2947 3483 2859 3740 643 3000 726 2744
141c4077b68fe2775bad5faef84463e50106793a1c90092313c960df239fff34 0.999 3928 2555 4093 2784 3390 3286 3226 3054
141c4077b68fe2775bad5faef84463e50106793a1c90092313c960df239fff34 0.999 3241 1215 3423 1466 2384 2206 2190 1952
141c4077b68fe2775bad5faef84463e50106793a1c90092313c960df239fff34 0.999 2385 351 2596 655 1887 1107 1649 804
146d09ae9176195e7dffaf31fef4f5ec066cbc441bea5c901422d823660fcc9b 0.999 2693 1523 2990 2071 1186 2981 906 2415
146d09ae9176195e7dffaf31fef4f5ec066cbc441bea5c901422d823660fcc9b 0.999 3056 2178 3404 2826 1603 3794 1267 3127
15838367b09333a4a8549e3a72aee2dd3dcc46d4ec485349a211c621a1b06b68 0.999 3333 1495 2792 2493 1232 1678 1772 666
16221bc14457fa2ad659224add3387cc93ce467de6a84859a4da0525f9963aa1 0.999 3002 1622 2204 2680 1923 2469 2721 1410
1770efb14df3b1ecef0847aa2a9734fe33ada01740634d1b1a2c15ff4ef4094e 0.999 2255 723 2340 1098 563 1495 497 1118
18a213944e255fb5fb88c78260b9c75ed9159ef4195939a63d001061753d3d22 0.999 3120 3210 2877 3834 1073 3128 1322 2513
18b86fbe19ef82343d41110eaad91f53ad6534f32ef52b4351ae1d70ace3751b 0.999 3415 1126 3223 1781 2873 1649 3106 998
18d6473db627da2a28e94986cc395fb356365fdc0d8e74d85fb02d793867e679 0.999 3045 767 4359 2339 4083 2549 2770 979
18d6473db627da2a28e94986cc395fb356365fdc0d8e74d85fb02d793867e679 0.999 2434 1267 3731 2837 3377 3098 2094 1558
18d6473db627da2a28e94986cc395fb356365fdc0d8e74d85fb02d793867e679 0.999 2047 1638 3296 3174 2731 3612 1484 2063
19d2e799470248786b545526fc4ae5cae584635de366da4e84620e3b027139c5 0.999 2144 905 2138 1409 435 1376 455 857
1a263622238cc5ddc9fd537f89fb42dff688beea7966ec86aa201cb165f2b1b2 0.999 2922 718 4212 2711 3637 3072 2338 1098
1a263622238cc5ddc9fd537f89fb42dff688beea7966ec86aa201cb165f2b1b2 0.999 955 2038 2181 3938 2006 4056 770 2150
1a263622238cc5ddc9fd537f89fb42dff688beea7966ec86aa201cb165f2b1b2 0.999 1743 1504 3015 3452 2888 3527 1615 1595
1a263622238cc5ddc9fd537f89fb42dff688beea7966ec86aa201cb165f2b1b2 0.999 2150 1246 3406 3204 3273 3296 2016 1341
1a5df1fd6e0a87b7d89057a0cfbbbf101c4cbc498104aa0af0f42755ec27ff71 0.999 3019 2152 2849 2428 1567 1678 1729 1382
1a5df1fd6e0a87b7d89057a0cfbbbf101c4cbc498104aa0af0f42755ec27ff71 0.999 3379 1578 3127 1995 1858 1213 2103 800
1a5df1fd6e0a87b7d89057a0cfbbbf101c4cbc498104aa0af0f42755ec27ff71 0.999 2713 3606 2466 4017 744 2997 988 2582
1bbbbe2a70ed6597b852e75e5069c1f1274a03edd19cab486f72fa17f321db52 0.999 4060 2208 4404 2622 3424 3494 3070 3085
1bcb85d53f9f4e9ba2f6cfd1374a9c237e951a5a64d746fc476a5b46e479b875 0.999 3098 1338 1718 3295 1481 3108 2855 1180
1bcb85d53f9f4e9ba2f6cfd1374a9c237e951a5a64d746fc476a5b46e479b875 0.999 3815 1821 2423 3795 2100 3576 3496 1591
1c10b89c4c594b3d91a61d89f6a9d9dcba3b7652eaad03ea5b09da4dcdb3acff 0.999 2800 2147 2811 2409 478 2508 460 2253
1e42ebdc28f428278070d29f83fa4fa2a48fb67015af4577e4869e89b271dad0 0.999 3266 3269 2771 3860 1202 2689 1675 2068
1e42ebdc28f428278070d29f83fa4fa2a48fb67015af4577e4869e89b271dad0 0.999 2690 3949 2265 4476 694 3357 1128 2776
2032e18f3d711bf9f540a9f651d7841dcd7166fdf7907dc6a7714417be500e5b 0.999 2940 3539 2612 4110 919 3139 1225 2572
205c520c90767cd6a22e2f3b022e98b9f1cf5c7a3310b4aa24a822c037d8fc97 0.999 4103 2195 2698 3968 2527 3830 3921 2076
223299f78fa4f1d5e7eaa27f13f8020e5c5f92e9a99bac9e760d200053885dae 0.999 2755 630 3495 2171 2640 2564 1932 1019
223299f78fa4f1d5e7eaa27f13f8020e5c5f92e9a99bac9e760d200053885dae 0.999 1079 1400 1801 2931 1327 3148 610 1624
223299f78fa4f1d5e7eaa27f13f8020e5c5f92e9a99bac9e760d200053885dae 0.999 1469 1221 2170 2751 1873 2909 1176 1362
223299f78fa4f1d5e7eaa27f13f8020e5c5f92e9a99bac9e760d200053885dae 0.999 1884 1046 2576 2580 2221 2730 1540 1199
23c010db239761daec66c17c7ee8ca2ac934374d8aa770b2ea8ee24f23507e40 0.999 2007 2749 2658 3641 2251 3926 1597 3036
23c010db239761daec66c17c7ee8ca2ac934374d8aa770b2ea8ee24f23507e40 0.999 1370 1745 2041 2688 1238 3248 565 2321
23c010db239761daec66c17c7ee8ca2ac934374d8aa770b2ea8ee24f23507e40 0.999 2738 816 3367 1744 2284 2504 1650 1581
23c010db239761daec66c17c7ee8ca2ac934374d8aa770b2ea8ee24f23507e40 0.999 3359 1734 4095 2616 2768 3577 2125 2652
24363d75ea9403771194b24a52340b4e293477f8194f0e8c89339afb90adaa1f 0.999 2382 945 2799 1507 1210 2694 797 2140
24363d75ea9403771194b24a52340b4e293477f8194f0e8c89339afb90adaa1f 0.999 1848 521 2125 876 673 1943 405 1585
257b0e9eebf6998716678a1c9acd3942f2ba0ec38a2b784981f351e80a2cc16d 0.999 2609 1161 2985 1640 1316 2913 949 2430
263c7391992a19996c9cc9e457fff99267046be4a438c2b60398652099785dd3 0.999 2591 4100 2370 4488 396 3565 586 3175
263c7391992a19996c9cc9e457fff99267046be4a438c2b60398652099785dd3 0.999 3317 2886 2574 4170 559 3153 1237 1808
26934f68c7703bf2feaaae889156773ac477ebe547d2915aca6710445b385c45 0.999 3051 3252 2807 3677 908 2646 1163 2214
26934f68c7703bf2feaaae889156773ac477ebe547d2915aca6710445b385c45 0.999 3393 2439 2986 3073 1353 2117 1738 1471
26adaad326a1f5a853f52abb5bfaceab0efaa858b6f86c3171374946a6a9dd2a 0.999 1520 818 1895 2498 1464 2585 1111 897
27644a6f2b64f329fe0f24eccd96ebfeebbf31e74845d1185941b34cb6ecc0e7 0.999 2740 2597 2842 3060 968 3477 884 3013
2775e11a17b5cb20d6f434d909d90deb2f13d8f442b5ca8cdb6feeeebe70455b 0.999 2485 2310 2500 2992 1861 3004 1844 2330
287abcf4f1184c23565b137703544840ead6638ec3a0320b576201e25079d6e0 0.999 1710 615 1774 885 602 1170 546 902
2a081ed62697458f23bc925c04fbb1f5b4576c936825327eda1136df919a5b32 0.999 1894 583 1708 2138 1311 2096 1486 543
2bde6405e08a6f7f6c4ff4d3e13dee75179ea76195a8e7d1b1e590dabcbc6704 0.999 3750 2045 3385 2728 1379 1703 1728 1030
2c024fa93ef0e988f389a350d91275ea64f8a7c2ed362900a9cd67722edca66e 0.999 1010 1501 1872 3128 1476 3345 594 1723
2cbada78642b653d195b0f2980e113be271adb38f3f0ca01f83b3e04232473ba 0.999 2408 299 2856 1214 784 1919 543 964
2cbada78642b653d195b0f2980e113be271adb38f3f0ca01f83b3e04232473ba 0.999 2964 1622 3346 2714 1217 3382 880 2282
2cf913c65879041cf2377401c377b6162fed753a935a2f8f722239f2cf119108 0.999 2637 808 3110 1265 1509 2767 1071 2291
2d064e238cf162031aa8658ee2173c74c1061d2165f701d960ff6bf6a30bcbba 0.999 2860 365 2648 2754 2164 2702 2375 316
2d28c89415d632c2572e090c9c3c6c6d26fee4ae3cf7a2af26b9e8699a6105d1 0.999 3130 3335 2433 4364 420 3010 1137 1976
306161d03a2f7786641dcd8a4cc54de306324a805d5020b5fe15308987fb45e3 0.999 2284 1063 3274 3169 2546 3524 1542 1415
30d516b5dc50de11652e222c2718e4919b9a4ba5969a4a3a8781d55d84a7ec42 0.999 2811 1016 2389 2080 1993 1913 2417 865
30d516b5dc50de11652e222c2718e4919b9a4ba5969a4a3a8781d55d84a7ec42 0.999 2351 2075 1917 3191 1279 2940 1699 1836
30d516b5dc50de11652e222c2718e4919b9a4ba5969a4a3a8781d55d84a7ec42 0.999 2353 842 1974 1906 1596 1763 1961 698
31c5ef35d49be4c63b8f47a495bed65271bac41f680bb57d021173535ab1cd89 0.999 3975 1526 4174 2142 3469 2405 3231 1781
32b553374b9bdaa9c34987dd0873bd50e84680a77a77b87bc6b54feebff10c25 0.999 2955 1234 2875 1870 1092 1722 1187 1116
347c085d839ad4b9e8894dc4139033ffc829bea7ac8d90edcfc699c23a01b106 0.999 3407 1517 2027 3372 1258 2780 2638 958
347c085d839ad4b9e8894dc4139033ffc829bea7ac8d90edcfc699c23a01b106 0.999 2516 827 1118 2674 353 2112 1737 276
3602e929d1d638c1edb75a68e694388481b8f649ad981d3830b7574903b735ab 0.999 3310 3187 3104 3534 1107 2356 1307 1992
3602e929d1d638c1edb75a68e694388481b8f649ad981d3830b7574903b735ab 0.999 3829 2261 3507 2804 1539 1652 1846 1115
36d1cce948900a31d6006b63e0abf6ceff43238212936004d335e23b2bfc8447 0.999 2863 1108 2819 2615 2158 2705 2206 1076
36f2da6e68c83cbe65c519db49e446b13f1292d8a9b81d7b7fef5385e033df36 0.999 2795 3576 2807 3908 995 3937 983 3609
36f2da6e68c83cbe65c519db49e446b13f1292d8a9b81d7b7fef5385e033df36 0.999 2691 1178 2702 1592 1620 1616 1612 1211
36f2da6e68c83cbe65c519db49e446b13f1292d8a9b81d7b7fef5385e033df36 0.999 2771 579 2777 1080 1069 1196 1056 710
3741ffa5b0cb2d51e8ed4fafe94bcaa7465bfd6e3eb07ffa291bbba45c3372e6 0.999 3408 1326 2409 3476 2126 3336 3136 1179
37f5bee09bf84bd492f2b35525f46a90cf7869424c4aa05e610382def5c8e909 0.999 2290 1621 2650 2168 1096 3151 728 2590
37f5bee09bf84bd492f2b35525f46a90cf7869424c4aa05e610382def5c8e909 0.999 2419 3056 2605 3359 1665 4010 1467 3688
39688ae197be3a534e30bf5daaf85437861c04ac40e62f5b596d8c4398b02fe0 0.999 3339 3043 3628 3708 1544 4661 1248 3994
399e7e26e7645189bcb82c9dedddb27cd3623236a6455e46ef00845b63aa735e 0.999 3433 570 4193 1851 3553 2227 2816 936
39ca3570520814e943da8094ebf2a6abbbd22730d18e48ed59dcef086e76999f 0.999 1869 1470 3360 3246 2968 3569 1479 1821
39ca3570520814e943da8094ebf2a6abbbd22730d18e48ed59dcef086e76999f 0.999 2710 705 4248 2507 3799 2894 2250 1139
3b7d11c8e6b83cb6f32364de25ad9e31886d8f3647d34e128cda5d7320ce470a 0.999 2384 1933 2468 2427 608 2611 547 2116
3d5379f6a9a3ad6b46fe8ca608627d686df27d3189cacb55fe4b622b49584f6a 0.999 3252 3084 3092 3388 1947 2891 2094 2583
3d5379f6a9a3ad6b46fe8ca608627d686df27d3189cacb55fe4b622b49584f6a 0.999 3466 2645 3281 3027 2134 2509 2315 2122
3dba3f5100922083539961efcb5f2b8e63a169e479c1eceaff640df72e6fa402 0.999 1711 1232 1701 1947 568 1927 589 1205
3dd322a526f46e3c841bc9fea976f9c35f06c0798084efc8cdd1126340aa24d8 0.999 1946 814 2662 2660 2170 2854 1442 1023
3dfae09e5d210164b4edd55d329625e6e370f3c70622d11ed933d13490ef7084 0.999 2557 367 3368 2545 3173 2626 2362 441
3f6ad224b8d30b63d128871837ddb665be3d0fa623db7c344ad1777216758f7e 0.999 3182 555 3902 2895 3603 2978 2881 654
3f6ad224b8d30b63d128871837ddb665be3d0fa623db7c344ad1777216758f7e 0.999 2320 837 3032 3143 2243 3361 1544 1075
3fbb6e13e75e1d2beddb1b040d02d78a0a88b73062df4655706ed126731bec8e 0.999 2180 742 2652 3051 2089 3153 1623 863
3fbb6e13e75e1d2beddb1b040d02d78a0a88b73062df4655706ed126731bec8e 0.999 3019 535 3526 2859 2901 2998 2407 661
3fea9a591c73b46d546552ee6c1fe0878a7259f49b5644bb61f89eb16aae3c3b 0.999 2509 894 2721 1517 752 2251 504 1632
40e0819e6a7ec716acbc9e4248f15874efbc9d0db802198dd3746d6e7da39d2f 0.999 2693 3615 2352 4141 1344 3456 1688 2942
410bc1f1f13ce067562aca843ba47a2c73757f82b82e8043fafb14d65c6bbe80 0.999 2717 1608 1766 2843 1347 2520 2299 1317
410bc1f1f13ce067562aca843ba47a2c73757f82b82e8043fafb14d65c6bbe80 0.999 3520 1992 2444 3375 1883 2927 2971 1566
410bc1f1f13ce067562aca843ba47a2c73757f82b82e8043fafb14d65c6bbe80 0.999 2011 1104 1079 2311 868 2145 1814 933
4111e0448010bd0fdcea9a183395685443da9c66d1df535bd9248db6ed63da47 0.999 3077 1312 1683 3261 1429 3074 2832 1136
4111e0448010bd0fdcea9a183395685443da9c66d1df535bd9248db6ed63da47 0.999 2568 918 1116 2887 826 2661 2253 693
417d71d6fca921826776dac32593e29377ebde051f5380a470d16bb0de62338d 0.999 2894 1532 3021 1708 1223 2870 1105 2682
417d71d6fca921826776dac32593e29377ebde051f5380a470d16bb0de62338d 0.999 2637 1122 2797 1371 982 2500 829 2256
418db59b5cf269b8ea261ce46e737cf4679d772e64f6ec4d94addbc0f5a90dd6 0.999 3062 672 3170 917 2089 1408 1970 1175
418db59b5cf269b8ea261ce46e737cf4679d772e64f6ec4d94addbc0f5a90dd6 0.999 3251 1083 3408 1430 2302 1922 2149 1579
418db59b5cf269b8ea261ce46e737cf4679d772e64f6ec4d94addbc0f5a90dd6 0.999 3772 2176 4021 2740 2869 3236 2621 2669
41cfadcc0085dd623d5f4c79fb03abc5ac5c30e62257911160ab16e6e40f6e23 0.999 2825 424 3759 2221 3112 2575 2164 789
41cfadcc0085dd623d5f4c79fb03abc5ac5c30e62257911160ab16e6e40f6e23 0.999 2080 816 3001 2630 2174 3076 1244 1270
42e1db2af8a22fcb9028ea1effe01c8562956d9b1fbe4cb12145331165c821cd 0.999 2680 2527 2344 3118 883 2304 1223 1723
42e1db2af8a22fcb9028ea1effe01c8562956d9b1fbe4cb12145331165c821cd 0.999 2313 3218 2094 3606 620 2831 807 2441
42e1db2af8a22fcb9028ea1effe01c8562956d9b1fbe4cb12145331165c821cd 0.999 3021 1939 2687 2499 1239 1710 1503 1166
4407e9eb229a2642272f22257044cdd8b8ac29c5649d62df98db8a45bbde72c3 0.999 2221 565 3319 2616 2966 2811 1870 770
4461aced2391cbd1088974520abcd60bb10ab04c46da255dbe665674e768278c 0.999 3812 2493 4004 2789 2130 3908 1948 3609
4475db082343de298d66524fd1ced4df6e10f8ba2b7b9d37672e348579a73ae9 0.999 2101 431 2281 1026 1132 1407 939 815
44d24c223566e739072e1b00cc778a052b75bdadacf61ccf2bec07431ec0ec84 0.999 2559 1391 2686 1886 445 2508 333 2038
4590de04314510437c5a6bb999f2b5119d5b6ef89a949f728c3cc022a8477f37 0.999 2498 3030 2401 3954 883 3764 991 2851
4590de04314510437c5a6bb999f2b5119d5b6ef89a949f728c3cc022a8477f37 0.999 2903 1292 2828 2100 1097 1945 1174 1127
4604c17a77bdc25fcf6c0f276a0fd1c314fc4ef26a48c83e3da6eb72a9ddf94e 0.999 2949 209 3576 2364 2859 2582 2240 415
46f7d6f90024e5136854e943a80a59264eb71d158a5bfe81f9b8f0b28ffb010a 0.999 3269 1442 2337 3191 1767 2816 2655 1146
47a02406a5642122a70963f40c8d9dfe866c6dda575bc248bc915f4dfc726099 0.999 3241 1555 3252 2772 2752 2773 2740 1557
47d539472f9082ee1ec40eadda4a6b56f954168d9c2fb8aee0e886dc50e4abe5 0.999 3090 2750 2525 3752 1401 3114 1938 2134
47d539472f9082ee1ec40eadda4a6b56f954168d9c2fb8aee0e886dc50e4abe5 0.999 3785 1537 3099 2746 1941 2097 2606 892
4861973f2c92f025c405eff17a3c32e07528c6ea2ebdaedecdcf504ec4fc7801 0.999 3426 1599 2161 3602 1808 3377 3060 1377
4861973f2c92f025c405eff17a3c32e07528c6ea2ebdaedecdcf504ec4fc7801 0.999 4364 2188 3106 4229 2363 3755 3639 1730
4861973f2c92f025c405eff17a3c32e07528c6ea2ebdaedecdcf504ec4fc7801 0.999 2723 1176 1465 3137 845 2727 2108 797
49eab2070cbd668ee9a6ba76dbef1d18d075d25461fe4aea8126749729c0eaf7 0.999 3232 2757 3052 3166 1524 2508 1691 2089
4a53bd7d8198834bcb62a770b79aa22a2f60c4826474c5aadac4c81f0b87f31d 0.999 3494 3019 3171 3508 1169 2188 1504 1704
4a53bd7d8198834bcb62a770b79aa22a2f60c4826474c5aadac4c81f0b87f31d 0.999 3888 2397 3528 2924 1548 1639 1908 1109
4a53bd7d8198834bcb62a770b79aa22a2f60c4826474c5aadac4c81f0b87f31d 0.999 3154 3562 2783 4118 759 2764 1125 2222
4a908ed300ab0fc41d1272454653df8b313161628f89619e522e9b5f2d27b0df 0.999 3468 1512 3348 1723 1670 794 1775 571
4e5ebd037a54260e0d150f77e188c6e89cb0efc24f85a6d71510eab6b7e1e038 0.999 2059 513 2466 1051 570 2465 150 1932
4eb111d60a3c5d9567b75efcbb925dae8536a82ce090ce0b04ebbfd8a5a151e5 0.999 2902 442 3767 2087 3289 2337 2429 706
4ed747824d76493d8b6b3c8ded9a69015aa2335ae5844eccbb9c717074c12bab 0.999 2522 3048 2435 3437 180 2968 255 2596
4ed747824d76493d8b6b3c8ded9a69015aa2335ae5844eccbb9c717074c12bab 0.999 2630 2524 2546 2919 292 2460 364 2086
4ff06d277432fb0bbd7ef42c98af43709ca28cb168e2b89a8f5aa573ff2d57c2 0.999 3005 3300 2842 3607 1184 2767 1299 2458
4ff28262b903449e5b72743db1757b34ff003a1c15cf71f5639831e590d8e64d 0.999 3095 3379 2870 4063 580 3310 803 2635
508666bb1f7fe80f5dee16707c718d645a952329c9ccb139d73b8af0cd68a808 0.999 2798 2660 2574 3260 714 2584 952 1984
508666bb1f7fe80f5dee16707c718d645a952329c9ccb139d73b8af0cd68a808 0.999 2503 3466 2285 4030 409 3361 631 2777
5131f9e12a5a6b1a842d2bf46d009be8d50b838dbab5cb15cf142b44285b9665 0.999 3397 1843 3919 2824 3485 3057 2934 2077
5131f9e12a5a6b1a842d2bf46d009be8d50b838dbab5cb15cf142b44285b9665 0.999 2253 1183 3276 3168 2691 3484 1686 1505
5131f9e12a5a6b1a842d2bf46d009be8d50b838dbab5cb15cf142b44285b9665 0.999 1476 1625 1984 2563 1640 2751 1113 1824
52e6f520ef73ba66ca61741356f43b758106a853b0d8a947673ea77f8a7936b8 0.999 2565 932 1724 3025 1137 2803 1970 710
52e6f520ef73ba66ca61741356f43b758106a853b0d8a947673ea77f8a7936b8 0.999 3011 1114 2606 2157 2221 2001 2619 963
52f646ad6ce86004a6abc50ecb50ad23028c34074d22f5e51cc5733af0816b1f 0.999 3134 1522 3165 1763 1232 2036 1199 1820
557c6423ba949f85324e0303ca0635b4bc5493b79819d64ecbca726819196e1e 0.999 1188 894 1662 3043 1023 3162 557 1023
557c6423ba949f85324e0303ca0635b4bc5493b79819d64ecbca726819196e1e 0.999 3044 554 3465 2512 2824 2636 2398 680
557c6423ba949f85324e0303ca0635b4bc5493b79819d64ecbca726819196e1e 0.999 1911 748 2410 2923 1902 3035 1404 859
55a30da52abdd7de6c45cf13d7566b73bbf383a32eb3101d00e57bb56ce7193a 0.999 3019 2873 3341 3602 1778 4365 1459 3631
5614dbe46886ea7d13a1bbfebdafca4a82fe62fb0eae00d1c9375ae24664e125 0.999 2817 1864 3817 3380 3161 3819 2146 2269
5614dbe46886ea7d13a1bbfebdafca4a82fe62fb0eae00d1c9375ae24664e125 0.999 1976 2393 2991 3950 2555 4231 1537 2669
5614dbe46886ea7d13a1bbfebdafca4a82fe62fb0eae00d1c9375ae24664e125 0.999 3569 1341 4602 2829 4042 3227 2985 1746
59a99eaa8798f497ab4b652c0b4f80888773f0de572e0c10b892695901e05577 0.999 2635 2178 2840 2744 1033 3393 820 2832
59a99eaa8798f497ab4b652c0b4f80888773f0de572e0c10b892695901e05577 0.999 2981 3075 3084 3481 1306 4175 1148 3767
59a99eaa8798f497ab4b652c0b4f80888773f0de572e0c10b892695901e05577 0.999 2129 1488 2336 2141 1039 2602 795 1958
59a99eaa8798f497ab4b652c0b4f80888773f0de572e0c10b892695901e05577 0.999 2386 436 2618 1147 380 2002 117 1293
59d2974223c11f2f6819468ca4479865ee7bd557ea014df30f702f7155f775c3 0.999 3078 1459 3371 1768 1618 3419 1335 3108
59d2974223c11f2f6819468ca4479865ee7bd557ea014df30f702f7155f775c3 0.999 3479 1867 3748 2152 1986 3819 1720 3521
59d2974223c11f2f6819468ca4479865ee7bd557ea014df30f702f7155f775c3 0.999 2761 1139 2993 1362 1240 3016 1008 2734
59d2974223c11f2f6819468ca4479865ee7bd557ea014df30f702f7155f775c3 0.999 2399 755 2690 1045 960 2684 682 2378
59f1bb2ecdce1c1c96f825a13ab06f6931107d196216654119f3b9430029875a 0.999 4154 2061 2777 3909 2552 3740 3914 1888
59f1bb2ecdce1c1c96f825a13ab06f6931107d196216654119f3b9430029875a 0.999 3094 1341 1799 3173 1399 2878 2701 1067
59f1bb2ecdce1c1c96f825a13ab06f6931107d196216654119f3b9430029875a 0.999 4558 2347 3183 4220 2844 3942 4225 2117
5a45d187a70fb355c371945c9598a2449fbb2c9d72706743b9d872b98d0848bc 0.999 1660 1924 2108 3027 1609 3243 1163 2148
5a45d187a70fb355c371945c9598a2449fbb2c9d72706743b9d872b98d0848bc 0.999 3193 558 4220 2803 3462 3118 2463 885
5b3a102fc5b28ca8f45d4c448afe15ebcf344458909fff80df855b275a22ae71 0.999 2217 2294 2542 2687 1799 3342 1474 2958
5b3a102fc5b28ca8f45d4c448afe15ebcf344458909fff80df855b275a22ae71 0.999 1793 1823 2117 2200 1377 2825 1059 2458
5c0dc26c5565acfcefbecd8d4358c6762efc45b395ffe8193e57ccdd27151deb 0.999 3474 2630 3240 3113 1138 2040 1375 1561
5c0dc26c5565acfcefbecd8d4358c6762efc45b395ffe8193e57ccdd27151deb 0.999 3711 2150 3499 2560 1434 1481 1637 1073
5c0dc26c5565acfcefbecd8d4358c6762efc45b395ffe8193e57ccdd27151deb 0.999 1785 3354 1565 3801 484 3262 709 2813
5ca340cea264d3a116956020897a86b7552b5b0618355f99f7f36110fc6824a1 0.999 2436 601 3566 2306 2864 2754 1722 1072
5d9a8f5c155d55ada68446843b1377ab58d08b4b3f7ec62b8d6f15e0a5ecee54 0.999 2971 747 2364 2512 1821 2327 2416 543
5f54d2002dad421e27c5b6670d05217e1d6cf71f70ef8bfdf535bb40238ebcd2 0.999 1794 1288 2177 2547 1899 2644 1517 1380
5f54d2002dad421e27c5b6670d05217e1d6cf71f70ef8bfdf535bb40238ebcd2 0.999 1019 1257 1494 2782 1071 2904 609 1379
60490cad56d66c2b09f3829cb26e94531cbb59785d574aeb25901f7a1a8dd499 0.999 3731 2642 3429 2961 2418 1980 2739 1649
60490cad56d66c2b09f3829cb26e94531cbb59785d574aeb25901f7a1a8dd499 0.999 3934 2181 3728 2404 2939 1649 3159 1416
60490cad56d66c2b09f3829cb26e94531cbb59785d574aeb25901f7a1a8dd499 0.999 3148 3276 2940 3422 1887 2394 2057 2193
604d2d6f2cd307b7bf32b8365c804cfe4b33027bd876eac3ff4d41988208e693 0.999 3495 2422 3139 2985 1610 2068 1948 1469
604d2d6f2cd307b7bf32b8365c804cfe4b33027bd876eac3ff4d41988208e693 0.999 2989 3203 2689 3697 1153 2834 1451 2321
61ed241db50c46d69e1a0363ebad949d85a78e36c4e1b36cfdb202ba0fac53fa 0.999 3664 3067 3165 3606 1527 1904 2074 1421
61ed241db50c46d69e1a0363ebad949d85a78e36c4e1b36cfdb202ba0fac53fa 0.999 4031 2706 3717 3016 2119 1385 2446 1075
61f7c7f5acfc3a6dbebc702e1058356f54d45ea5d99343f78bcf6aff5e66ed92 0.999 2744 3216 2330 4179 285 3271 713 2337
6218a136a559bf43c1ee4af21a302d9712b335187e9ecc5c82c0c4a95334028c 0.999 3354 1486 2263 3476 1874 3264 2999 1273
624f2e28e8f0b58d29fcd7a8b3bada7bac38936d9e12e6df44547a07bc8c9f1f 0.999 3218 3085 3026 3367 1224 2239 1416 1942
624f2e28e8f0b58d29fcd7a8b3bada7bac38936d9e12e6df44547a07bc8c9f1f 0.999 3977 1934 3651 2429 1884 1270 2203 751
629082ae44a966d25730bdc3ce6f882a86be5b166576be55d4c7d2909e674371 0.999 3062 3106 2844 3599 681 2700 884 2202
629082ae44a966d25730bdc3ce6f882a86be5b166576be55d4c7d2909e674371 0.999 2201 2064 2020 2501 940 2051 1124 1617
63b58e3777c9b821a57210d52402e9ad289025bff5c93621896e2d5c7312c473 0.999 2768 1671 3068 2079 1778 3135 1463 2732
63b58e3777c9b821a57210d52402e9ad289025bff5c93621896e2d5c7312c473 0.999 2442 1257 2697 1545 1368 2633 1130 2338
63b58e3777c9b821a57210d52402e9ad289025bff5c93621896e2d5c7312c473 0.999 3080 2112 3406 2466 2113 3542 1815 3162
658539d07b3dcaeb3819b6cb7f6f289181a19dd30604a1e828d2941f81406e93 0.999 2674 3582 2568 3817 884 2983 976 2770
658539d07b3dcaeb3819b6cb7f6f289181a19dd30604a1e828d2941f81406e93 0.999 3123 2751 3008 2987 1292 2115 1396 1878
660222a47d13ee4aec9da70f48940c17a2821e29a28f9f78a2884e0fa9698c76 0.999 3838 2409 3418 2919 1877 1625 2293 1109
660222a47d13ee4aec9da70f48940c17a2821e29a28f9f78a2884e0fa9698c76 0.999 2985 3482 2636 3899 1020 2547 1373 2121
664c7e012a9a97dc3512f45c529772b5c638b3f38d6afdee8b09e26fb892d065 0.999 2390 2118 1831 3324 1515 3168 2095 1972
6731680ac6ba8df9a533f1c4bb3237b21b1df8a334055f305cce227aab88b359 0.999 2155 2615 1885 3360 1634 3275 1902 2528
6731680ac6ba8df9a533f1c4bb3237b21b1df8a334055f305cce227aab88b359 0.999 3181 3092 2973 3692 2732 3607 2941 3008
6731680ac6ba8df9a533f1c4bb3237b21b1df8a334055f305cce227aab88b359 0.999 3855 3089 3611 3873 3319 3769 3570 2992
6731680ac6ba8df9a533f1c4bb3237b21b1df8a334055f305cce227aab88b359 0.999 1593 2159 1242 3165 607 2955 956 1955
68f4198fb37b2486f9567625bc468fde9bae5cc8977ef7999ad634aa10fed329 0.999 3169 1744 3061 2222 961 1824 1072 1352
694e5b9ae1dd8319b6fb5206a1e6491bf903d10ceb339be851817578d810ed42 0.999 3606 1834 4346 3164 3609 3551 2854 2221
694e5b9ae1dd8319b6fb5206a1e6491bf903d10ceb339be851817578d810ed42 0.999 2970 429 3668 1688 2961 2053 2276 798
694e5b9ae1dd8319b6fb5206a1e6491bf903d10ceb339be851817578d810ed42 0.999 2243 809 2917 2069 2192 2479 1523 1216
6a30d68ea500f59323d05124280a6e737c93621d4806c6863a32c01680029cd3 0.999 3122 2804 2770 3553 907 2716 1273 2026
6b2a440d851ce0adcd9450fb642eee264849be16ccea4db9b29d046221390147 0.999 3011 2602 2779 2998 1193 2141 1414 1739
6b2a440d851ce0adcd9450fb642eee264849be16ccea4db9b29d046221390147 0.999 2372 3534 2179 3878 660 3134 840 2785
6b310578115fbd3fe9069634009ed32c80ad7cfb43995c27bba860ef8a0d5945 0.999 3005 1404 2283 2902 1829 2652 2573 1171
6b310578115fbd3fe9069634009ed32c80ad7cfb43995c27bba860ef8a0d5945 0.999 3458 1614 2751 3137 2309 2904 3025 1413
6b310578115fbd3fe9069634009ed32c80ad7cfb43995c27bba860ef8a0d5945 0.999 2443 1091 1697 2636 1367 2445 2093 929
6b835619f5fbf58da771432282439dd165244b3905a60e14f7c299a144d3e648 0.999 3954 1001 4376 2067 3931 2253 3460 1169
6b835619f5fbf58da771432282439dd165244b3905a60e14f7c299a144d3e648 0.999 1908 1404 2493 3109 2095 3266 1510 1545
6bc0616e2f7a49e157dbce35fe79da02381b35f3bd332f9a2b17a46b366be382 0.999 2773 1927 2634 2279 1004 1723 1120 1364
6bc0616e2f7a49e157dbce35fe79da02381b35f3bd332f9a2b17a46b366be382 0.999 3059 1337 2826 1892 1110 1285 1292 717
6bc0616e2f7a49e157dbce35fe79da02381b35f3bd332f9a2b17a46b366be382 0.999 2510 2626 2431 2893 787 2321 878 2063
6bd27c27e3d19fc8c3b2cbddacf4192527f4f8be65500b14ff573267f79853a5 0.999 2745 1729 3037 2143 1715 3136 1417 2719
6bd27c27e3d19fc8c3b2cbddacf4192527f4f8be65500b14ff573267f79853a5 0.999 2458 1314 2665 1593 1315 2603 1102 2318
6bd27c27e3d19fc8c3b2cbddacf4192527f4f8be65500b14ff573267f79853a5 0.999 3060 2180 3357 2542 2004 3562 1731 3165
6c3dda1a891ba8d4f9a1c2c5a1ebf11e688c6cdd4ee641fe2865ecf1f1dbbc9b 0.999 3070 3626 2702 4117 946 2697 1327 2227
6c6f553ecd1b3cde9fc3c06936dcb54577e03def99dea13eb4c37e5bf1b83d95 0.999 1941 1636 3370 3407 2692 3973 1224 2160
6ea1f2a9261e64a26391c9357bb1962a8f7d24c1a72b3f1c4e3f2f394a14fe43 0.999 3388 1511 3195 2073 1349 1390 1537 849
6eb863cfcb20d281b698f4ff2e565e4c4f4218a9cf7b18236a1c7895098fc725 0.999 3147 3018 2892 3302 1268 1850 1517 1555
6efe2e8975b3f929d2c020f12f1804729913d56c3e205087c0ea815ead5e13d5 0.999 3903 1166 3592 2731 3125 2658 3429 1090
6efe2e8975b3f929d2c020f12f1804729913d56c3e205087c0ea815ead5e13d5 0.999 2823 1003 2565 2594 2108 2529 2358 930
6f8a3891c8545a0bd79517fa676f30875e594cf739776e17fe37d06462fff6f8 0.999 3231 2160 2796 2625 1527 1467 1980 982
6faf1f9e781491b56672fc698d3da15da6f2fa19fc982377b356e62b4a4702d5 0.999 1600 842 1806 2301 1378 2344 1184 889
715f0e0da21915ce762fac9c576281798d329af7d0254456cb42e6e75c3f9706 0.999 1516 2140 1463 2443 494 2288 532 1987
71a44d6571aee84951ca3666d2961a06356cd5331ed5c856245e3d28abe8abaa 0.999 2805 2261 2790 2858 1502 2839 1517 2232
71a44d6571aee84951ca3666d2961a06356cd5331ed5c856245e3d28abe8abaa 0.999 2807 1484 2790 2164 1520 2151 1526 1467
71a44d6571aee84951ca3666d2961a06356cd5331ed5c856245e3d28abe8abaa 0.999 2808 2974 2798 3494 1478 3461 1480 2937
7243e353dc866dcac42069d0b8cc947dcc8273201b3d65b2989b74b212dfe18a 0.999 2282 1996 2252 2422 406 2303 436 1866
73eb67c8f582b0ab05d286d7824f4ac03898a09df5561fa73e62edc9a46e8104 0.999 2213 960 3404 3093 1843 3965 656 1813
7453c0f580be5507a3b2f98cdd3951b4d3f95a877c2e53adad95be68fcedca30 0.999 2418 1544 2582 2248 810 2616 653 1917
766dd326a5fbedd7990be4a36c52cb64a682d57f1c7372fd1778a2e8a5fc99d8 0.999 2727 1001 2576 1225 1937 762 2094 545
76f340b7c6dd851a668db6d24da0d2b73e7c620e0e2decd5c6fbd8738c2977db 0.999 1815 1718 2109 2220 1144 2792 847 2283
76f340b7c6dd851a668db6d24da0d2b73e7c620e0e2decd5c6fbd8738c2977db 0.999 2588 2957 2826 3378 1836 3980 1591 3559
77a744db1646a4b3af8c44a45912cd6c2bb3150791fd472307dfb317bb646051 0.999 3669 1667 2593 3617 2295 3455 3384 1486
78cbaf12c5090f6f41b77f4e04c1dbb5edf6aef0f8fb140f53135d20a017f53e 0.999 2008 596 2346 950 911 2380 595 2039
78cbaf12c5090f6f41b77f4e04c1dbb5edf6aef0f8fb140f53135d20a017f53e 0.999 2804 1411 3058 1660 1603 3092 1354 2836
7994045a5c2457ce19696acc171d3b84680db508a501bdc05820e7fd201579d8 0.999 1501 420 1412 2406 792 2358 883 389
7994045a5c2457ce19696acc171d3b84680db508a501bdc05820e7fd201579d8 0.999 2471 407 2361 2539 1587 2485 1701 355
7994045a5c2457ce19696acc171d3b84680db508a501bdc05820e7fd201579d8 0.999 3272 463 3148 2555 2557 2508 2673 425
7a3caae6111fceaefeaaa7d89c05c6d576bbb5ef61792ebced5a1e4b5290691d 0.999 2800 2244 2862 2497 585 2967 527 2716
7a3caae6111fceaefeaaa7d89c05c6d576bbb5ef61792ebced5a1e4b5290691d 0.999 2728 1908 2783 2122 508 2602 455 2404
7a3caae6111fceaefeaaa7d89c05c6d576bbb5ef61792ebced5a1e4b5290691d 0.999 2594 1347 2691 1729 419 2231 335 1861
7a57cc7d4b1527c0dc5512754aadb891a00eb70f9b3cc09cd64ea14635e9bfa5 0.999 3271 2839 3097 3321 1208 2672 1375 2197
7a822f079afcb5b6816ca464d59dcdc4cdba1898c08efca2a4ce5ce3e9360da0 0.999 3302 2049 2996 2729 1439 2011 1745 1340
7aa89b6fe46b6a46f1743359e8194278d233a58fdedcef24398c6109fbc44461 0.999 2652 2228 2505 2507 1066 1820 1191 1532
7aa89b6fe46b6a46f1743359e8194278d233a58fdedcef24398c6109fbc44461 0.999 3066 1237 2898 1599 1455 931 1633 562
7aa89b6fe46b6a46f1743359e8194278d233a58fdedcef24398c6109fbc44461 0.999 2496 2554 2338 2925 879 2212 1044 1862
7adea7005096aaea1d642b31b52feff8cdb116fa025b3f88a4386a01248e4f98 0.999 2174 658 1949 2344 1476 2280 1697 597
7af5e753cdf0594033d54e0d54190c0206bb0f3e563303c67791c5991237eede 0.999 2179 1691 2612 2478 2240 2684 1805 1903
7af5e753cdf0594033d54e0d54190c0206bb0f3e563303c67791c5991237eede 0.999 1580 2001 2025 2801 1665 3005 1207 2189
7af5e753cdf0594033d54e0d54190c0206bb0f3e563303c67791c5991237eede 0.999 1013 2038 1693 3231 1320 3456 620 2257
7b09cb3b96c429995b088b277876ff59ab893ee2013ff0d1fd9c0d73065bd87f 0.999 3956 2800 3620 3373 3286 3178 3635 2610
7b09cb3b96c429995b088b277876ff59ab893ee2013ff0d1fd9c0d73065bd87f 0.999 3575 2025 2980 2999 2516 2729 3091 1755
7b0c1790308a8a569f447c222d045da6f3a481a6480bff21d1b0396d0ad62316 0.999 3067 720 3591 1793 3171 1996 2661 926
7b0c1790308a8a569f447c222d045da6f3a481a6480bff21d1b0396d0ad62316 0.999 2599 965 3112 1996 1876 2629 1378 1623
7b109dbb0e128d36257651ec0de907e1afc258cc401962e2df7abbebb0e99214 0.999 2989 1476 1835 3118 1685 3004 2827 1366
7b109dbb0e128d36257651ec0de907e1afc258cc401962e2df7abbebb0e99214 0.999 3705 2011 2503 3599 2333 3451 3505 1870
7b109dbb0e128d36257651ec0de907e1afc258cc401962e2df7abbebb0e99214 0.999 2659 1236 1470 2879 1309 2755 2481 1118
7b109dbb0e128d36257651ec0de907e1afc258cc401962e2df7abbebb0e99214 0.999 3351 1737 2173 3353 1990 3213 3149 1597
7b57d58f58ce0c08715bad394e3718341c835198e8f7920202c9cf5357ea4d0f 0.999 2951 976 2818 1584 999 1201 1111 624
7bb2a1bb32bfc8955dbe6dfbaa876bccedcdf7852605b89810797b03a6c87a68 0.999 2992 1405 3151 1548 1446 3138 1310 2996
7bed3fdcadd79cee190c8d38dec86e84be2358782ff72e8369a2df93c9f85a55 0.999 3808 2004 3570 2596 1323 1684 1574 1085
7bed3fdcadd79cee190c8d38dec86e84be2358782ff72e8369a2df93c9f85a55 0.999 3329 3082 3045 3774 857 2843 1148 2143
7c3dc9e6845b04f757cf42fe1530a672bf81bdb9cd38f139b3f528e17c3698a5 0.999 2710 1170 2715 1441 775 1530 768 1260
7d0980303e29b589ce833d807a1b380b5ecdd3c3c2809f4c3e5e94318b943e84 0.999 3119 1893 3229 2132 1269 2935 1181 2668
7d0980303e29b589ce833d807a1b380b5ecdd3c3c2809f4c3e5e94318b943e84 0.999 2809 1099 3080 1774 1128 2549 862 1859
7df8c3de1546ba0d69e250e2025e7ed30067588a941fc5b23172677e5e27a7b8 0.999 1475 318 1143 2684 713 2607 1037 246
7ed0ef21879243e1978a3cafea2e8a6078ffaffc4826b7d0b779c6262b264d30 0.999 3254 2237 3129 2717 924 2160 1057 1694
7faec8eb64b77a25db7a325fe82d149aac45a64a00ee9f198549cd5ba98a516a 0.999 4306 1811 3250 3872 2968 3716 4016 1676
7faec8eb64b77a25db7a325fe82d149aac45a64a00ee9f198549cd5ba98a516a 0.999 3494 1400 2429 3484 2122 3309 3175 1232
7fd1f4aa65222ea5e2e2e60712b1c32eaa1b0edc90ee02e63fb486663f7f4074 0.999 1724 1242 2717 2809 2160 3148 1170 1597
7fd1f4aa65222ea5e2e2e60712b1c32eaa1b0edc90ee02e63fb486663f7f4074 0.999 955 1755 1956 3277 1463 3566 480 2050
8008f60acbfcc76098ecd7cfa1deb454a99a8db1d6de452054e09e506c987dd6 0.999 2886 1462 3035 1774 1856 2365 1712 2074
81f9c502f1b8fe0c46201aa4fa53160e5269df4d7e0fa0307c30096a0c077526 0.999 2059 3030 2075 3526 680 3570 664 3072
836b3a5a6d3f23f94d9d5e92d7482ee3e3e24a35b269d495bf9770b13b2bc692 0.999 2064 809 1710 2983 1246 2915 1606 729
84ee0166c9c561810da7acd9c24862fca021cc72987c86705d7c88cadd028195 0.999 2486 2398 2347 2775 727 2332 836 1956
84ee0166c9c561810da7acd9c24862fca021cc72987c86705d7c88cadd028195 0.999 2749 1434 2514 2342 855 1900 1102 993
84ee0166c9c561810da7acd9c24862fca021cc72987c86705d7c88cadd028195 0.999 2348 2834 2268 3168 639 2735 714 2415
85ad19c574e79eb81d95e4b51a8a8624f92617e8ad2b4b676f8ea6e03ff988b2 0.999 3491 1793 3098 3245 2461 3076 2863 1622
85b9407c30cfd03a56fc0441ef0eaed41cafcb0fddc250407c4aacb10383f9ba 0.999 2512 1242 2579 1626 425 1997 363 1619
869ed296875a7871ead7166b62fe3863d75d519791121264c628739d4f3d102e 0.999 2049 848 2299 1127 1082 2313 805 2030
86c743ee7ef4083727492b3e734d84566716edbeb846cc6b05b4868c491a0f85 0.999 3236 2183 2970 2479 1599 1260 1862 963
86c743ee7ef4083727492b3e734d84566716edbeb846cc6b05b4868c491a0f85 0.999 2924 2543 2629 2868 1247 1669 1550 1318
86fa8378a39e5af00b65e027943f4a857e273e2ef1b22e0d6f655c4ddb360fbc 0.999 2405 926 2112 2078 1502 1921 1802 770
86fa8378a39e5af00b65e027943f4a857e273e2ef1b22e0d6f655c4ddb360fbc 0.999 3563 1224 3326 2363 2994 2276 3237 1140
86fa8378a39e5af00b65e027943f4a857e273e2ef1b22e0d6f655c4ddb360fbc 0.999 2129 2176 1791 3452 944 3249 1282 1962
88063fa1735a7ecc0e176454dba81e87ac07c0fead0f895456f268c09b285cae 0.999 1763 705 1375 2952 1073 2900 1468 633
8894c202372289030f29aede40758edc37a316711a0c9d805a0c052a958b42be 0.999 2574 1862 2428 2447 641 2123 747 1513
8894c202372289030f29aede40758edc37a316711a0c9d805a0c052a958b42be 0.999 2378 2490 2285 2876 592 2562 667 2195
89a1b2f6f253da92b96767d63bb71dac6658bb113b89196dbb41ae9b1d2e7449 0.999 2668 3286 2461 4047 1386 3751 1628 2996
89a7ca66a6173250f31e9fea0bb75cf62f8299e6ae4b3870160249b644917163 0.999 2508 929 3055 1749 2362 2181 1815 1400
8ab2010e7851b7f6a13e2f318680b5c743549f6faf283e224de26f62e5d3d8ef 0.999 3019 2910 2839 3652 701 3101 891 2354
8b0d9ca8a264bdd325f9a3b12e72c850f9d267dc00eb33716fef87873c011998 0.999 2921 1479 2411 2929 2129 2831 2625 1355
8b0d9ca8a264bdd325f9a3b12e72c850f9d267dc00eb33716fef87873c011998 0.999 3468 1872 3118 2899 2883 2815 3229 1797
8b57c5643dc7e5c36a9f0827ee52b6a4ab705d31c3c67bc8820339154a9548ff 0.999 1257 1181 1885 3378 1564 3462 951 1271
8c2338c454d19b423e9b5a5b9d5486ea1fdf990eccc7049ae6bf0825806cfd0b 0.999 3025 2319 3525 3434 3137 3608 2617 2476
8c2338c454d19b423e9b5a5b9d5486ea1fdf990eccc7049ae6bf0825806cfd0b 0.999 2781 995 3295 2078 2865 2251 2374 1172
8c2338c454d19b423e9b5a5b9d5486ea1fdf990eccc7049ae6bf0825806cfd0b 0.999 987 1740 1480 2899 1214 3022 723 1857
8d1249b14e4f9c21c27dc1a8762d99be62a56014e03577c085dfd3bb1d0d4e22 0.999 1718 746 2196 3112 1614 3214 1124 846
8d1249b14e4f9c21c27dc1a8762d99be62a56014e03577c085dfd3bb1d0d4e22 0.999 912 864 1381 3280 876 3366 415 945
8d1249b14e4f9c21c27dc1a8762d99be62a56014e03577c085dfd3bb1d0d4e22 0.999 2449 634 2883 2949 2390 3046 1967 709
8e828d3b77ff026297e56694223c702ba160a1137f94f2dae367a62391e52f1d 0.999 3086 2569 3227 3194 1817 3499 1688 2870
8e828d3b77ff026297e56694223c702ba160a1137f94f2dae367a62391e52f1d 0.999 3081 1333 3237 2011 1273 2461 1144 1805
8e828d3b77ff026297e56694223c702ba160a1137f94f2dae367a62391e52f1d 0.999 2581 597 2712 1179 1425 1585 1274 1005
8eb4ea97a5ea51687cf875cbbe91573c2bf6c85c005adfbdbcb51317c5581ede 0.999 2710 910 1150 2496 945 2293 2507 720
8eb4ea97a5ea51687cf875cbbe91573c2bf6c85c005adfbdbcb51317c5581ede 0.999 3487 1710 1986 3283 1367 2683 2880 1103
904ff4a55c826363fa95cf1f5b7f7d7c54c18e63c0830d1369830054e3dd29ac 0.999 1648 2493 1665 2774 475 2870 455 2591
904ff4a55c826363fa95cf1f5b7f7d7c54c18e63c0830d1369830054e3dd29ac 0.999 1587 1700 1614 1980 426 2074 405 1801
907f40cf146fe54f40b1fe949614cf72b3caf57e9913e3178c4012d32ee7f42b 0.999 3565 2175 4138 2996 2116 4389 1534 3550
91e1c301709632a3e26cf1e6ea25010004ae71aece04799523c290ab1ae19e66 0.999 3591 971 3154 2794 2272 2607 2708 806
91e1c301709632a3e26cf1e6ea25010004ae71aece04799523c290ab1ae19e66 0.999 4302 1133 3879 2959 3222 2808 3640 981
91e1c301709632a3e26cf1e6ea25010004ae71aece04799523c290ab1ae19e66 0.999 1622 1669 1413 2673 1064 2586 1277 1537
924563deb8b28c37ab5611ec920f2eef696211db052afdeb8418e8f319ce18c6 0.999 2695 3787 2624 4026 648 3352 737 3117
9271ed4b6f549d5e8cf3abca7ded1abffae8c8d719dd1878cc711e86df3686f7 0.999 2971 2895 2684 3567 1126 2907 1410 2226
9271ed4b6f549d5e8cf3abca7ded1abffae8c8d719dd1878cc711e86df3686f7 0.999 3771 1860 3534 2421 1410 1481 1632 907
92e9951544af699cd02d74ba0dcaac98e0c58baa5c02f06ba82c9511812bd084 0.999 2130 2072 2132 2335 799 2363 791 2102
92e9951544af699cd02d74ba0dcaac98e0c58baa5c02f06ba82c9511812bd084 0.999 2106 1324 2115 1668 782 1709 776 1371
92e9951544af699cd02d74ba0dcaac98e0c58baa5c02f06ba82c9511812bd084 0.999 2144 2720 2142 2978 982 3002 975 2745
945fbd2465634ff3da35ff9b825fc38de15bd8c459a3302946e7210116df5835 0.999 2067 817 1619 2489 1200 2360 1669 709
946d7b463a30b1dfdc56ba884769e59192f55a08169ad052337a8078e9c7cce0 0.999 2846 1065 3002 1640 867 2263 734 1683
956ca97e6cf4a6478843c392f43e7e18acda9803dd860b52ffa38a33ef59b238 0.999 2935 1033 3107 1339 1042 2529 861 2222
956ca97e6cf4a6478843c392f43e7e18acda9803dd860b52ffa38a33ef59b238 0.999 3856 2728 4023 2996 1991 4133 1852 3877
969cc0a8c603e612bc29a276bec5320f0d2a7a55067e7fc562d3c5ba6d6370eb 0.999 2921 2121 3064 2504 934 3201 804 2826
96eb62809960e68eb012c2c2bc2cf723d4b424f7f8de48d5643767a3c06b7486 0.999 3456 1383 3344 1702 1216 1008 1331 684
96eb62809960e68eb012c2c2bc2cf723d4b424f7f8de48d5643767a3c06b7486 0.999 3318 1755 3202 2094 1082 1387 1203 1050
988dfbca2dc06205eb732a4539d0f2d885ae5c4bb709bf9df9c994ac0918131a 0.999 3607 2673 3438 2953 1700 1888 1865 1626
988dfbca2dc06205eb732a4539d0f2d885ae5c4bb709bf9df9c994ac0918131a 0.999 2660 4144 2556 4319 1075 3481 1182 3300
988dfbca2dc06205eb732a4539d0f2d885ae5c4bb709bf9df9c994ac0918131a 0.999 3277 3199 2830 3919 898 2804 1339 2052
98aa0681e04fc0338200f08eeaa25e5439cfd50146febaf5aa662784cf86110d 0.999 3950 1642 2994 3563 2768 3443 3704 1533
98aa0681e04fc0338200f08eeaa25e5439cfd50146febaf5aa662784cf86110d 0.999 3451 1412 2486 3348 1994 3112 2987 1211
98c29a43e44761ddee2b938421703f8f82b3b28cd7d2cc3b149c04375e01f008 0.999 2885 668 3607 2061 3271 2230 2580 839
98c29a43e44761ddee2b938421703f8f82b3b28cd7d2cc3b149c04375e01f008 0.999 1382 1485 2256 2932 1798 3163 960 1723
98ce1b52a11092ce41e15d150729ff0d97a3704ca5029c1f92fac10fbc0dc8c7 0.999 1956 1175 1319 2246 863 1983 1502 903
98ce1b52a11092ce41e15d150729ff0d97a3704ca5029c1f92fac10fbc0dc8c7 0.999 2423 1577 1701 2833 1384 2640 2124 1394
98ce1b52a11092ce41e15d150729ff0d97a3704ca5029c1f92fac10fbc0dc8c7 0.999 3107 1495 2267 2925 1986 2774 2850 1332
99e0532312a183f0897487bbc871236c10d7698b0d9081744a71a09484adf5e5 0.999 1832 935 2522 2639 2218 2814 1514 1074
9c1efe9c366fe9f332b8db8d41393d5930a9e32bcde08c897760dd40ec17e025 0.999 2955 756 2900 2874 2581 2863 2644 731
9c1efe9c366fe9f332b8db8d41393d5930a9e32bcde08c897760dd40ec17e025 0.999 2467 697 2362 2858 1912 2846 2024 672
9c78f08700e93d0befa2bbff6f15bd25d38d7280708f0e8fa51c742b4b092203 0.999 3060 1695 3252 2259 1127 3069 908 2493
9da861860d04614b3c2c38e58eeb248afcdac3ff9c9ca4c067930bcb3879b864 0.999 4027 2038 3400 2735 1824 1215 2436 508
9dd2c08a95dbb1d2ecc1e212f0b03c7160dc5a9e6f8691d864eafba1a90debd7 0.999 4194 2346 2912 3916 2501 3573 3795 2030
9e00732721df0fa2fee52397923b20e39c4756e415cac4277dddaec15d4aaae8 0.999 1761 1444 2797 2633 2179 3165 1151 1962
9e2f4517033af487e36b576d2452038d513d361efc20e6bc02cd016283878bbd 0.999 1059 643 1180 1808 784 1842 676 683
9e2f4517033af487e36b576d2452038d513d361efc20e6bc02cd016283878bbd 0.999 2277 1755 2390 2939 1882 2975 1762 1789
9e2f4517033af487e36b576d2452038d513d361efc20e6bc02cd016283878bbd 0.999 1878 552 1991 1740 1577 1777 1464 593
9e2f4517033af487e36b576d2452038d513d361efc20e6bc02cd016283878bbd 0.999 1764 1789 1873 2973 1360 3012 1256 1847
9e2f4517033af487e36b576d2452038d513d361efc20e6bc02cd016283878bbd 0.999 1259 1847 1361 3004 803 3047 722 1891
9e56a5ea016f452fbf52f25646f9cb18b2949dcebabf20c69dc47b08df8e28d9 0.999 2716 1395 2890 1742 1139 2633 972 2297
9e67e606a7ee5ae65d49bf74fbb54a24d7ef6d089bb802f787eef5346899d251 0.999 3956 2283 3410 3634 3194 3553 3757 2189
9f191f19931f87da5d23f8f493592ffdc5e496c54ae5d7e24d739e90bf8e8304 0.999 2080 411 2612 2600 1948 2766 1401 578
a00d0767da1752000404360414b09fbaa4932d0490e8045d6dabbaa427e43c52 0.999 2528 3265 2261 3901 970 3354 1241 2744
a00d0767da1752000404360414b09fbaa4932d0490e8045d6dabbaa427e43c52 0.999 2923 2364 2788 2657 1488 2150 1627 1849
a00d0767da1752000404360414b09fbaa4932d0490e8045d6dabbaa427e43c52 0.999 3397 1342 3160 1872 1820 1320 2052 781
a00d0767da1752000404360414b09fbaa4932d0490e8045d6dabbaa427e43c52 0.999 3149 1891 2935 2355 1621 1824 1822 1355
a00d0767da1752000404360414b09fbaa4932d0490e8045d6dabbaa427e43c52 0.999 2789 2700 2548 3223 1251 2700 1468 2174
a14db8593ab175186e09cbe1596bfd47030a2483dfb5ac634e8dac3b6baf4853 0.999 3011 3114 2793 3452 986 2118 1237 1770
a14db8593ab175186e09cbe1596bfd47030a2483dfb5ac634e8dac3b6baf4853 0.999 2567 3775 2337 4115 473 2804 732 2481
a153d3f52d15272d1d091a6a52e8c8ec707529e97edd899605165067bf829698 0.999 2527 2798 2631 3195 1864 3380 1768 2986
a153d3f52d15272d1d091a6a52e8c8ec707529e97edd899605165067bf829698 0.999 2397 2309 2449 2496 1706 2695 1656 2511
a153d3f52d15272d1d091a6a52e8c8ec707529e97edd899605165067bf829698 0.999 2045 572 2167 967 1216 1228 1105 848
a153d3f52d15272d1d091a6a52e8c8ec707529e97edd899605165067bf829698 0.999 2581 1360 2761 2015 1147 2471 976 1816
a19eb0ee1b4ac5ac3b2b41eba598a5884fe064757021047ed039a9476e44432f 0.999 3519 3015 3310 3384 1075 2163 1285 1789
a19eb0ee1b4ac5ac3b2b41eba598a5884fe064757021047ed039a9476e44432f 0.999 4148 1945 4074 2085 2043 856 2124 725
a1f828b9ab1ce5c82526b134591125a82959c10bc4171136b7f35a2f6f7dffba 0.999 2062 2891 2732 3820 2486 3987 1834 3069
a1f828b9ab1ce5c82526b134591125a82959c10bc4171136b7f35a2f6f7dffba 0.999 2179 1331 3552 3286 3099 3619 1724 1653
a246e96d56a2d52e92eb0a4900d34146320bcebb90b4321b2d95c8461f48fdd0 0.999 1210 748 1566 2872 891 3000 530 866
a246e96d56a2d52e92eb0a4900d34146320bcebb90b4321b2d95c8461f48fdd0 0.999 3396 445 3699 2330 2842 2470 2531 579
a246e96d56a2d52e92eb0a4900d34146320bcebb90b4321b2d95c8461f48fdd0 0.999 1628 711 1986 2805 1790 2849 1437 742
a2a8bdc72c94801f792ccdadf6d68c7e072c5698fff890662fcda32237c5c076 0.999 3011 1546 2017 2864 1680 2610 2679 1286
a2a8bdc72c94801f792ccdadf6d68c7e072c5698fff890662fcda32237c5c076 0.999 3380 1848 2253 3325 1988 3123 3108 1639
a2a8bdc72c94801f792ccdadf6d68c7e072c5698fff890662fcda32237c5c076 0.999 2526 1153 1401 2650 947 2310 2065 833
a2b406617650341e35a85f6ca83f9ee0630a0751a6ef94dbbf1f46e5fc52db38 0.999 2857 1747 2682 2328 1289 1912 1451 1335
a2b406617650341e35a85f6ca83f9ee0630a0751a6ef94dbbf1f46e5fc52db38 0.999 2652 2384 2552 2730 1153 2295 1254 1953
a2b406617650341e35a85f6ca83f9ee0630a0751a6ef94dbbf1f46e5fc52db38 0.999 3047 1176 2879 1711 1470 1285 1624 782
a372f192077420a300f025979ace2b7324f3bb09edbf1f27c88abdf18da943fb 0.999 2368 1152 2686 1532 1397 2609 1085 2232
a372f192077420a300f025979ace2b7324f3bb09edbf1f27c88abdf18da943fb 0.999 2809 1658 3057 1945 1745 3069 1499 2789
a372f192077420a300f025979ace2b7324f3bb09edbf1f27c88abdf18da943fb 0.999 2012 716 2327 1102 1052 2192 734 1823
a3a1cba7fec28913cb14473a4b209d344e013584c3c2c713eb8609f0f83fec9a 0.999 4169 1695 3173 3696 2813 3510 3811 1513
a3fa6a867361008d1b482cae2dba150711c67e846cbe26d7a4b74e4c74d4f0b3 0.999 2959 1795 2922 2106 477 1840 515 1523
a4248aab20eecd74684d93612355da5a59b439b8527610a78f82d7bc301f7d47 0.999 2768 2108 2547 2719 1333 2276 1546 1667
a451cabf4f8f83aa23c1b7b36ba0cb925835fe131f876a19e69673516786cf2e 0.999 3040 2883 2901 3364 787 2768 910 2283
a46455525b39c2c397535c9b6af9956795bbe75853cff41d010e25fc947079ca 0.999 969 2367 2664 4161 2518 4306 816 2493
a46455525b39c2c397535c9b6af9956795bbe75853cff41d010e25fc947079ca 0.999 1300 2040 3008 3859 2856 3995 1169 2195
a46455525b39c2c397535c9b6af9956795bbe75853cff41d010e25fc947079ca 0.999 1934 1412 3673 3280 3550 3388 1814 1534
a46455525b39c2c397535c9b6af9956795bbe75853cff41d010e25fc947079ca 0.999 1615 1722 3345 3563 3212 3678 1495 1845
a49aa1de115ecb6b1bc3ec4897abe4de936b6d4e8c866ddbd675aa4cd5f7cac3 0.999 2474 2872 2563 3785 1916 3877 1826 2958
a4adaaba5f0bbbc162095b86ed4f9f0032a0ef7e3162444b37544b6cd9e4a0fb 0.999 3009 2656 2929 3108 430 2636 535 2184
a5387aed36d4b14fef3119182971b0905ad6875f103a2e095d81ad35a74a812f 0.999 2936 2041 2801 2425 1430 1934 1569 1552
a5387aed36d4b14fef3119182971b0905ad6875f103a2e095d81ad35a74a812f 0.999 3093 1595 2959 1979 1590 1514 1723 1135
a5387aed36d4b14fef3119182971b0905ad6875f103a2e095d81ad35a74a812f 0.999 3231 1159 3113 1528 1743 1084 1857 722
a5f8cc0cce908b32cfe4578b9d744ad36255c308b13b0f49b7816325634cfcbe 0.999 3165 3525 2619 4228 922 2869 1473 2169
a5f8cc0cce908b32cfe4578b9d744ad36255c308b13b0f49b7816325634cfcbe 0.999 3719 2854 3511 3105 1843 1759 2043 1490
a5f8cc0cce908b32cfe4578b9d744ad36255c308b13b0f49b7816325634cfcbe 0.999 4185 2254 3799 2723 2151 1389 2516 931
a674f17170f9998971ab0a7365769e67ac47f964086bc364e2fcf548479f7a8e 0.999 1331 2418 1506 3008 1235 3108 1052 2509
a674f17170f9998971ab0a7365769e67ac47f964086bc364e2fcf548479f7a8e 0.999 2270 2102 2493 2792 2299 2847 2073 2175
a6b91c7a1bb34a7e823b57ccc7b0a47bad41b74a05f8441ab4e59b19d6a9c128 0.999 2117 1140 1221 2401 956 2215 1853 980
a6b91c7a1bb34a7e823b57ccc7b0a47bad41b74a05f8441ab4e59b19d6a9c128 0.999 3097 1497 2001 2999 1505 2647 2610 1158
a77fb7d394e5751899e9dbefbc811808968191b368efc4e6b2820953a3ca1abe 0.999 2999 1532 2420 3319 2002 3170 2621 1379
a77fb7d394e5751899e9dbefbc811808968191b368efc4e6b2820953a3ca1abe 0.999 2091 1218 1398 2972 906 2792 1644 978
a77fb7d394e5751899e9dbefbc811808968191b368efc4e6b2820953a3ca1abe 0.999 3722 1836 3171 3601 2663 3397 3204 1611
a9b61708705014253be9d17ba221f546cf600d1dc761e8a6b5d38087301dc358 0.999 3007 1474 3120 1775 983 2579 875 2289
aac22169ede8bccc5107cb1a0ff067d8d832d7e62eb4395f8272ea6364ddc922 0.999 3292 1931 3646 2380 2113 3595 1777 3173
aac22169ede8bccc5107cb1a0ff067d8d832d7e62eb4395f8272ea6364ddc922 0.999 2769 1216 3178 1708 1569 2973 1174 2501
aac22169ede8bccc5107cb1a0ff067d8d832d7e62eb4395f8272ea6364ddc922 0.999 1962 691 2368 1193 1241 2110 832 1619
aac22169ede8bccc5107cb1a0ff067d8d832d7e62eb4395f8272ea6364ddc922 0.999 4092 2480 4558 3092 2623 4616 2155 4010
ab00439b7721653249bf0b2391c86440daf6083a19b5b6774f269fbb5805b751 0.999 2431 2470 2874 2963 2040 3681 1600 3192
ab00439b7721653249bf0b2391c86440daf6083a19b5b6774f269fbb5805b751 0.999 2683 1032 2897 1269 1245 2745 1032 2521
ab00439b7721653249bf0b2391c86440daf6083a19b5b6774f269fbb5805b751 0.999 3305 1708 3771 2233 2920 2971 2452 2457
ab3a744b163fe42cdca82cfabdda476b0e837c66547ab588d8fc91b6dfa5f1ba 0.999 1937 972 1475 2360 1178 2265 1634 874
ab4f2b0e64478dc382db0d07a891b02f67bee9b8526ff665bd79ca87802f686a 0.999 2203 1282 3389 2979 2791 3391 1616 1686
ab4f2b0e64478dc382db0d07a891b02f67bee9b8526ff665bd79ca87802f686a 0.999 3078 717 3975 2015 3546 2315 2660 1010
ab7670496b57e717f0280d2784f1553253515977e79539203055e65f98a86653 0.999 3845 1134 3277 3406 2730 3264 3287 993
ab7eacab2c90dacbff57f27983da1badda5ee762bc3a1cba2f9a964682a0a5a9 0.999 2225 2361 2183 3003 353 2898 408 2253
ab8e0ae9ff8ac40b31f57c81b9325abc91e5407dc57adfb1d139e32d1e195bf4 0.999 3329 2324 3767 3447 1529 4305 1100 3154
ac3dfce30460331b143db7558cabe3cc5cd63ff757ffbbd7b44be9d19d9a6bc4 0.999 3848 2308 3608 2684 1721 1509 1954 1114
ada97d431e2f7d747b489a1fe45eec896a6ef6bc0ce10d805d32cdb6800c670a 0.999 2011 1529 2767 3014 2523 3118 1793 1659
ada97d431e2f7d747b489a1fe45eec896a6ef6bc0ce10d805d32cdb6800c670a 0.999 1404 1799 2135 3309 1884 3432 1172 1950
adf52585e3a3458318b806feb6a2757a5b63daf16af3e4fa76037cc51f8859b0 0.999 2243 774 2622 1417 1048 2395 671 1755
adf52585e3a3458318b806feb6a2757a5b63daf16af3e4fa76037cc51f8859b0 0.999 2649 1465 2927 1930 1397 2872 1098 2433
ae8cf0721ec7a174e90ad5c7814bbeace9f4a36d307984e245c41706f4d6ba54 0.999 3165 1154 3037 1695 935 1178 1083 617
ae8cf0721ec7a174e90ad5c7814bbeace9f4a36d307984e245c41706f4d6ba54 0.999 2542 3558 2423 4047 376 3621 473 3115
ae8cf0721ec7a174e90ad5c7814bbeace9f4a36d307984e245c41706f4d6ba54 0.999 2765 2793 2565 3631 482 3055 677 2209
ae8cf0721ec7a174e90ad5c7814bbeace9f4a36d307984e245c41706f4d6ba54 0.999 3047 1723 2902 2350 745 1838 918 1206
af34db4026bd5a1e8df066e512892fee0d9a9e7d1f791522ef8c84a6b3ed111d 0.999 3023 3453 2867 3872 608 3033 770 2605
af34db4026bd5a1e8df066e512892fee0d9a9e7d1f791522ef8c84a6b3ed111d 0.999 3629 1768 3476 2163 1270 1344 1412 954
af34db4026bd5a1e8df066e512892fee0d9a9e7d1f791522ef8c84a6b3ed111d 0.999 3430 2276 3300 2615 1102 1761 1234 1430
af34db4026bd5a1e8df066e512892fee0d9a9e7d1f791522ef8c84a6b3ed111d 0.999 3273 2725 3071 3308 826 2463 1037 1878
b0505c9fdaa2cdfacbcdf6e7c3eb885324d0a4f3df848a5f32d45eda69cda53c 0.999 3455 1565 2309 3444 2084 3301 3225 1426
b0505c9fdaa2cdfacbcdf6e7c3eb885324d0a4f3df848a5f32d45eda69cda53c 0.999 4006 1878 2774 3797 2472 3593 3699 1692
b0505c9fdaa2cdfacbcdf6e7c3eb885324d0a4f3df848a5f32d45eda69cda53c 0.999 2177 1170 1318 2650 922 2278 1792 938
b08c5566bb7522267e4e200ade37b683880cfafe803f58cdc0678d470c8769dd 0.999 1377 1799 1607 2715 1284 2785 1052 1878
b08c5566bb7522267e4e200ade37b683880cfafe803f58cdc0678d470c8769dd 0.999 3379 1791 3490 2278 2821 2443 2712 1947
b08c5566bb7522267e4e200ade37b683880cfafe803f58cdc0678d470c8769dd 0.999 2026 1287 2340 2547 1947 2637 1630 1375
b0a975783be46ad03ed3e3b9cdd2434aab2539b051ab6ed4326312d32b04e887 0.999 3647 2458 3380 2866 2449 2241 2730 1850
b0fd1c7ef0b739663f69621e6604e36994076f1fb270bf0abb8409e92700041e 0.999 3080 2963 2893 3378 709 2454 893 2034
b0fd1c7ef0b739663f69621e6604e36994076f1fb270bf0abb8409e92700041e 0.999 2873 3492 2618 4103 398 3179 652 2554
b111d0d7218314f5f66144efa75245eea327862abb6d492af24324f5ed9970eb 0.999 2824 3716 2379 4144 909 2707 1370 2281
b111d0d7218314f5f66144efa75245eea327862abb6d492af24324f5ed9970eb 0.999 3344 3164 2941 3598 1515 2165 1948 1754
b1b651266e9ffeb4043217a994fe4b9c0a09d6250d668ca1c385b0e73d36d47a 0.999 2122 674 889 2796 479 2565 1724 442
b1c32fddd0d18cfba457c59231e57f19ef567657b8d7217469b9243a495811db 0.999 3306 2145 3392 2376 1123 3237 1042 3001
b1c32fddd0d18cfba457c59231e57f19ef567657b8d7217469b9243a495811db 0.999 2918 1154 3098 1641 848 2487 665 2005
b1c32fddd0d18cfba457c59231e57f19ef567657b8d7217469b9243a495811db 0.999 3584 2831 3705 3151 1431 4051 1313 3732
b2f675a3fbc8e2672e05446e4f0c3a64e8b3981f7420d99287b000b1c9097e51 0.999 2387 1644 2913 2519 1610 3413 1074 2525
b3442d48a2807e17097f13f2cc70d694392d5e273d79a6e80513990a89d676ea 0.999 1647 496 888 2553 127 2276 892 216
b3442d48a2807e17097f13f2cc70d694392d5e273d79a6e80513990a89d676ea 0.999 2793 1106 2209 2641 1761 2477 2350 940
b416b55f030899ebeb52dc11227a10b32dbc9947a74cda155ca3b0d68727f8a5 0.999 3688 2649 3411 3223 1406 2179 1709 1640
b416b55f030899ebeb52dc11227a10b32dbc9947a74cda155ca3b0d68727f8a5 0.999 3329 3348 2786 4398 773 3300 1343 2260
b416b55f030899ebeb52dc11227a10b32dbc9947a74cda155ca3b0d68727f8a5 0.999 3921 2225 3782 2475 1840 1483 1970 1230
b416b55f030899ebeb52dc11227a10b32dbc9947a74cda155ca3b0d68727f8a5 0.999 4273 1491 4076 1883 2138 946 2330 571
b427ba251bb399fd053c552904314d5aed7c40346fc206c58c1c63e206e48906 0.999 3467 1314 2608 2275 2230 1996 3090 1006
b427ba251bb399fd053c552904314d5aed7c40346fc206c58c1c63e206e48906 0.999 1731 1909 781 2924 360 2568 1314 1506
b63267530c2df921b1309d089b3e787e583d60d8f4148b2916bccb2c9f7991a0 0.999 2552 1369 2814 2099 971 2754 711 2032
b63267530c2df921b1309d089b3e787e583d60d8f4148b2916bccb2c9f7991a0 0.999 2292 587 2449 1035 598 1680 436 1225
b6839f88718e65ec4fbd979b469fd15f408bd37315e7c023e94d45ba4f03bf34 0.999 2253 1017 2940 2916 2221 3165 1535 1261
b7d9986d236d55990d654730353892fefff51fc3d2fd0abc0b60eba5e8e7bd09 0.999 1154 1685 2542 3719 2091 4036 691 1980
b7d9986d236d55990d654730353892fefff51fc3d2fd0abc0b60eba5e8e7bd09 0.999 2163 1023 3542 3032 2654 3621 1285 1621
b815d78f8007140420f941cd8d408432bff8f15c9f23474c8ec58554571a34f8 0.999 3049 653 2312 3445 1853 3332 2612 538
b815d78f8007140420f941cd8d408432bff8f15c9f23474c8ec58554571a34f8 0.999 2505 529 1697 3282 1276 3171 2063 405
b8fd867854e9849ef6cd601c79b4ed4b3f98e3cd18c1eeda14ef9bec9af6c7de 0.999 2495 1183 1184 2601 827 2265 2142 860
b9c216adf12811f492d6e6f257b053e4ebdf984db17c48187cecaf34d1e05e6d 0.999 4216 1519 4017 1965 1961 1028 2134 594
ba38cf5306e4d6b6446dd34881bf6741db3c210101599ad479433c9c03986c3a 0.999 1794 865 3294 2650 3013 2887 1520 1103
ba38cf5306e4d6b6446dd34881bf6741db3c210101599ad479433c9c03986c3a 0.999 2422 360 3873 2198 3674 2352 2202 532
ba38cf5306e4d6b6446dd34881bf6741db3c210101599ad479433c9c03986c3a 0.999 2127 608 3578 2421 3422 2562 1954 748
ba79ca7529882ba63f97079aebe41dd04062db7f2e8fb36150f32d9986df46b3 0.999 2686 1021 2979 2173 2523 2297 2226 1144
bae88985a33d6345221a83493c76bf3e9e67850d1aca75a6b9153d82ffda8e3d 0.999 3199 833 3098 1440 1019 1103 1107 489
bbbd43d8e9b2d8397de67958bffdb98e175b78c9ff1867a15d9ed6a83014384f 0.999 2728 1652 3432 2344 2231 3531 1540 2840
bc1546bc37c64c2771b6f371aa462b73baa8729fb73e5b5818666ab59330eb83 0.999 1592 1672 2496 3066 2281 3189 1385 1798
bc262e1982801ccc85ef1fe96b8600eae125054c5dd8dcbfda44d01cb900acda 0.999 2659 2188 3143 2843 1942 3790 1460 3127
bc262e1982801ccc85ef1fe96b8600eae125054c5dd8dcbfda44d01cb900acda 0.999 1943 1263 2530 2033 1329 2926 727 2140
bc262e1982801ccc85ef1fe96b8600eae125054c5dd8dcbfda44d01cb900acda 0.999 1507 703 1698 961 517 1798 317 1544
bd8a8a2e3e004269b51fe0eb2453e1549ccd8eff5c9deb91be07aeccd8ad498c 0.999 3748 2458 2784 3694 1306 2478 2291 1310
bdea2ea2efcd4d0b218b6b7682acc3f1c7baaf01cea97a43ca56a190b3818bbb 0.999 2927 671 3546 1664 3098 1944 2476 954
bdea2ea2efcd4d0b218b6b7682acc3f1c7baaf01cea97a43ca56a190b3818bbb 0.999 1269 1669 1912 2697 1496 2956 845 1934
bdea2ea2efcd4d0b218b6b7682acc3f1c7baaf01cea97a43ca56a190b3818bbb 0.999 2287 1054 2906 2060 2479 2319 1875 1313
bdea2ea2efcd4d0b218b6b7682acc3f1c7baaf01cea97a43ca56a190b3818bbb 0.999 1757 1362 2408 2376 2067 2589 1419 1586
be3d4e6bf21bd2b0a8593a29d1841e8e821844aedf68722e22730c9f42c8943e 0.999 3200 1619 3348 2696 2940 2750 2789 1680
be3d4e6bf21bd2b0a8593a29d1841e8e821844aedf68722e22730c9f42c8943e 0.999 2052 618 2209 1725 1667 1786 1518 689
be3d4e6bf21bd2b0a8593a29d1841e8e821844aedf68722e22730c9f42c8943e 0.999 3131 496 3272 1598 2748 1674 2595 569
be3d4e6bf21bd2b0a8593a29d1841e8e821844aedf68722e22730c9f42c8943e 0.999 1618 1801 1743 2907 1302 2963 1177 1873
be3d4e6bf21bd2b0a8593a29d1841e8e821844aedf68722e22730c9f42c8943e 0.999 2620 1703 2703 2772 2374 2814 2293 1736
be3d4e6bf21bd2b0a8593a29d1841e8e821844aedf68722e22730c9f42c8943e 0.999 2566 566 2715 1669 2206 1723 2057 619
be6a5425d0d4b28c70bad4460d5aeb70c60438d44c765d88629c27a52389001b 0.999 2333 1186 2767 1740 1491 2726 1066 2195
c06f8b99643d96dae0036adeafded70e0d6fc0226aaac714066de4ab95c94f94 0.999 3887 2141 2755 4036 2439 3859 3568 1956
c06f8b99643d96dae0036adeafded70e0d6fc0226aaac714066de4ab95c94f94 0.999 3136 1681 1972 3611 1751 3488 2908 1563
c0ceda9f0a1aeb2efa804102c4bbe814f63a5cb3a54bc95940700cec2108c10a 0.999 4091 2255 3889 2491 2254 1200 2430 949
c0ceda9f0a1aeb2efa804102c4bbe814f63a5cb3a54bc95940700cec2108c10a 0.999 3681 2710 3157 3369 1581 2107 2087 1432
c0ceda9f0a1aeb2efa804102c4bbe814f63a5cb3a54bc95940700cec2108c10a 0.999 2655 3954 2512 4125 978 2895 1114 2732
c178855c710ef3067e2772450b2669a977e62d68e9c886304722a57ea2d8224b 0.999 3108 1916 3363 2254 1892 3387 1638 3057
c178855c710ef3067e2772450b2669a977e62d68e9c886304722a57ea2d8224b 0.999 3431 2374 3643 2648 2192 3780 1988 3526
c178855c710ef3067e2772450b2669a977e62d68e9c886304722a57ea2d8224b 0.999 2934 1509 3043 1666 1497 2853 1391 2709
c178855c710ef3067e2772450b2669a977e62d68e9c886304722a57ea2d8224b 0.999 2517 949 2625 1085 1064 2272 959 2140
c178855c710ef3067e2772450b2669a977e62d68e9c886304722a57ea2d8224b 0.999 3913 2849 4146 3153 2619 4381 2392 4058
c2174b598d6d7562b0986c91939e8bda53b645358b11280e4789526426b284de 0.999 3065 2180 2937 2390 1119 1445 1212 1202
c21c4cac9f36db402f73eb785c1bb017738cf91893c417a2633b0bf763958d44 0.999 2406 780 1914 2671 1571 2570 2070 687
c2630fec71cdfe1927629b817a8158172ac67051becb978da56f700d8fdf5e8c 0.999 2383 3676 2303 4060 322 3768 387 3382
c2f9fd7850705f87ba55518f3ff33561e17dbf97c77f99b12c293e8c7a065d2e 0.999 3082 2140 2022 3754 1877 3636 2916 2040
c2f9fd7850705f87ba55518f3ff33561e17dbf97c77f99b12c293e8c7a065d2e 0.999 3822 2625 2771 4243 2545 4097 3600 2485
c3898f606872ac774bd8066e14f535ab67be566164e191576e086b76ad65b023 0.999 1884 1070 1962 1354 623 1746 541 1463
c3898f606872ac774bd8066e14f535ab67be566164e191576e086b76ad65b023 0.999 2665 2048 2788 2519 1007 3024 872 2561
c3898f606872ac774bd8066e14f535ab67be566164e191576e086b76ad65b023 0.999 2248 1474 2377 1851 804 2313 691 1927
c3e81c3c76f06087466bb9577718ae537cc7643f153d9cffaf8bc4ac27ee5c5f 0.999 1979 1013 2731 3203 2517 3279 1763 1115
c3e81c3c76f06087466bb9577718ae537cc7643f153d9cffaf8bc4ac27ee5c5f 0.999 1544 1182 2291 3337 1926 3462 1186 1308
c3e81c3c76f06087466bb9577718ae537cc7643f153d9cffaf8bc4ac27ee5c5f 0.999 3011 628 3788 2877 3520 2964 2742 722
c4e97dae7172eb660d3ae1acde4896ec5d31dabc6615cf2a32fc8486370a2b82 0.999 3073 2547 2995 2900 1845 2618 1931 2258
c4e97dae7172eb660d3ae1acde4896ec5d31dabc6615cf2a32fc8486370a2b82 0.999 2865 3397 2758 3857 1601 3580 1712 3121
c4e97dae7172eb660d3ae1acde4896ec5d31dabc6615cf2a32fc8486370a2b82 0.999 1631 3323 1587 3547 404 3255 456 3033
c4e97dae7172eb660d3ae1acde4896ec5d31dabc6615cf2a32fc8486370a2b82 0.999 3417 1230 3186 2137 830 1611 1043 674
c4e97dae7172eb660d3ae1acde4896ec5d31dabc6615cf2a32fc8486370a2b82 0.999 2008 1880 1931 2136 784 1821 851 1538
c4f0eccd703eff6ca75905a6fcc840b92bdadeaf753de7d2fe895596a06404a9 0.999 626 1891 2220 3580 2047 3744 456 2055
c57b946a628078bd540c6ec67c7f74cf8d65f0f41abc5f00275cb8a762f6c13e 0.999 3942 2464 4111 2678 2228 4036 2077 3813
c6d6a529471f9de4444ce5e924c1e084f3b0fabeb69780d5b2bd537547a1bc4d 0.999 3037 1618 3872 2598 3675 2763 2843 1778
c6eb28c8ab67a7f7d64d3674921bee699cd3769ca52ccb9a22f41ebfa11f9657 0.999 2217 2951 2836 3986 2315 4308 1695 3275
c6eb28c8ab67a7f7d64d3674921bee699cd3769ca52ccb9a22f41ebfa11f9657 0.999 4048 1567 4851 2792 4196 3203 3424 1972
c6eb28c8ab67a7f7d64d3674921bee699cd3769ca52ccb9a22f41ebfa11f9657 0.999 2828 1119 4169 3216 3564 3587 2198 1488
c7e02dd6b8eb33030dbf6711fda959917b2ae17a4944c5303280c2d614f90355 0.999 1583 1874 1686 2631 1118 2702 1028 1943
c7e02dd6b8eb33030dbf6711fda959917b2ae17a4944c5303280c2d614f90355 0.999 2629 1936 2708 2454 2105 2550 2035 2024
c7e3b4d21dc4543364bd2123c283807aa237f74222846b8654b945fa08853f0e 0.999 2752 1468 3076 2140 1061 3098 724 2422
c8f5abb9cbc0ca2c9af03f9992b3cf61e3a8578969d9a10118c78792a0850b0b 0.999 2298 1479 2251 1801 1496 1718 1564 1424
c95933e5ca7f3a91846bd0b314b251ffe697a25e7ed33fe40d2db53f64176991 0.999 2596 1694 2375 2105 1117 1383 1341 965
c95933e5ca7f3a91846bd0b314b251ffe697a25e7ed33fe40d2db53f64176991 0.999 2912 1124 2621 1643 1370 915 1651 400
ca4fa9fd330f8a8e63a65b9a52205d76f692513279fcf34e539362de2e75175a 0.999 4356 2440 3176 4120 2829 3873 3991 2179
ca4fa9fd330f8a8e63a65b9a52205d76f692513279fcf34e539362de2e75175a 0.999 3524 1852 2307 3538 2130 3356 3283 1701
cede5e9f033f0b4eb03bab7f8176718b8792efe7f21af74a93ba95ebf6ce6521 0.999 2539 1431 2721 1725 1734 2350 1546 2057
cede5e9f033f0b4eb03bab7f8176718b8792efe7f21af74a93ba95ebf6ce6521 0.999 2085 714 2375 1167 1207 1919 930 1466
d04c075d964781bf0d7bc1d90a164baa1804c131fee16b2e247c4bf2213d5664 0.999 3052 2609 2820 2960 866 1713 1093 1364
d04c075d964781bf0d7bc1d90a164baa1804c131fee16b2e247c4bf2213d5664 0.999 2737 3089 2532 3420 572 2175 808 1838
d04c075d964781bf0d7bc1d90a164baa1804c131fee16b2e247c4bf2213d5664 0.999 2361 3664 2252 3853 310 2596 427 2415
d055fcea81bfef29416a9bc7670139cd9ead53d6b032e1d043073a27e9e724ea 0.999 2107 1366 1984 1840 758 1517 890 1054
d0724e87d8005cc80173327a11536d5cb4a75184f852ffbb2228e2e86b803ee4 0.999 3060 871 4541 2336 4275 2555 2828 1098
d123d686b6587c066cb3fe15960509c7c1288f734a0081023d943289acb53655 0.999 3407 1957 3946 2606 2353 3918 1804 3275
d123d686b6587c066cb3fe15960509c7c1288f734a0081023d943289acb53655 0.999 2513 849 2939 1346 1321 2723 905 2230
d1f4314f8a2d89c228497107324fcecaed78b6fe9d8ca21e27914483220aa705 0.999 1435 465 1422 1554 1008 1547 1016 460
d26894a78ea8ebccc13a04967d089fc369128b75c7e93cd980afa3f70ec6c19f 0.999 2185 554 1417 2778 799 2584 1540 360
d26894a78ea8ebccc13a04967d089fc369128b75c7e93cd980afa3f70ec6c19f 0.999 1416 300 680 2537 60 2334 778 105
d339989cddf2f8abc5b34fed73878dffa1661211ba92d8ef510ff6130f74b625 0.999 3395 2001 3538 2214 1696 3408 1568 3199
d339989cddf2f8abc5b34fed73878dffa1661211ba92d8ef510ff6130f74b625 0.999 3647 2357 3800 2596 1947 3816 1817 3581
d339989cddf2f8abc5b34fed73878dffa1661211ba92d8ef510ff6130f74b625 0.999 2342 842 2693 1403 1110 2443 759 1896
d344bb3eb650adb30796894429589b2b450fcb671ced73ca87fc7682c022d66b 0.999 3348 3174 2769 4409 651 3387 1250 2163
d344bb3eb650adb30796894429589b2b450fcb671ced73ca87fc7682c022d66b 0.999 3585 2670 3366 3129 1288 2129 1501 1681
d344bb3eb650adb30796894429589b2b450fcb671ced73ca87fc7682c022d66b 0.999 3826 2095 3604 2575 1545 1632 1786 1178
d34a351e520d61eb5873a6cdd117ec590ad7995c29d79cefabc54e19ec3873ba 0.999 3361 1187 3037 2138 1195 1515 1512 571
d4820b0d5d2176d9dce5d0683b21d8f3b3fbad6af6c8fcc1f7b41da6649dd951 0.999 2535 970 2581 1278 719 1534 686 1221
d49e904d969b6d09aae8ada8e80ba57ca344e472647628c822500a05e078539a 0.999 3296 1013 3211 1454 1137 979 1237 553
d49e904d969b6d09aae8ada8e80ba57ca344e472647628c822500a05e078539a 0.999 2960 2444 2829 3041 794 2584 960 1978
d49e904d969b6d09aae8ada8e80ba57ca344e472647628c822500a05e078539a 0.999 2794 3156 2692 3564 681 3101 776 2690
d49e904d969b6d09aae8ada8e80ba57ca344e472647628c822500a05e078539a 0.999 3115 1870 2974 2406 947 1941 1080 1387
d4baf901c265c1c7f64c5f596afb632049d5416466ceaa1dff5204d92adb2673 0.999 1858 1478 3285 3241 3011 3479 1583 1706
d4baf901c265c1c7f64c5f596afb632049d5416466ceaa1dff5204d92adb2673 0.999 2554 947 3972 2705 3481 3095 2078 1331
d4baf901c265c1c7f64c5f596afb632049d5416466ceaa1dff5204d92adb2673 0.999 2892 690 4320 2428 4169 2531 2749 808
d5cb2b704b5ceda2cbf3ce1306c10d3cb06c3807d4730701267090447c7cfd30 0.999 1945 1454 3245 3311 2906 3549 1585 1708
d5cb2b704b5ceda2cbf3ce1306c10d3cb06c3807d4730701267090447c7cfd30 0.999 1421 1840 2683 3678 2052 4102 810 2259
d8244ea5b6ec414161da62283207af9bf1e1d164e6075e4a525c201a4b5ecfe8 0.999 3732 2121 3499 2581 1990 1950 2248 1475
d8244ea5b6ec414161da62283207af9bf1e1d164e6075e4a525c201a4b5ecfe8 0.999 3962 1681 3772 2049 2291 1391 2477 981
d9734cd6ad3aa285297ee58da9c3cf05ebb40994d89d2ead3eeb9499415576e9 0.999 3088 2377 2958 2791 1169 2391 1277 1967
d9913050e2979bc9c6f998d4d7477d7dd51ae0824773e5f1918de7758f217a77 0.999 1729 461 1660 2133 1180 2098 1248 436
daf22ed4874232f6efc71817fe2723d7f911e75dd98673e789af3fe7cd8626df 0.999 4424 1740 3399 3611 2931 3340 3898 1485
dba70233ae87701215ec7cebe7d762ec7bd849006566de7371e7b8e0701e4a8f 0.999 3100 2266 2973 2881 711 2421 813 1814
dba70233ae87701215ec7cebe7d762ec7bd849006566de7371e7b8e0701e4a8f 0.999 2945 2991 2843 3520 588 3084 698 2539
dc8cc75580c6cfe2dae786063716206848c5955676efcb532e6d2fc63e0a8185 0.999 4260 2153 3826 2628 2301 1438 2635 972
dc8cc75580c6cfe2dae786063716206848c5955676efcb532e6d2fc63e0a8185 0.999 3781 2756 3347 3325 1860 2095 2255 1530
dcf49d83d09f0c81b5e38e4ed0207534edb7e590338824c28db62626ad18d0e7 0.999 3382 1515 2107 3578 1861 3420 3143 1369
dcf49d83d09f0c81b5e38e4ed0207534edb7e590338824c28db62626ad18d0e7 0.999 3911 1856 2619 3906 2342 3731 3632 1658
dcf49d83d09f0c81b5e38e4ed0207534edb7e590338824c28db62626ad18d0e7 0.999 2932 1238 1656 3293 987 2866 2262 827
df28d910839a04c16cf3fdb08aaa10ed239146d91d52fa2ffd072150e14e74fc 0.999 3372 858 2652 3193 1648 2876 2363 529
df83086f1917e5da531637de57280bb2a8a1917550739bf51ceeeec3671ac3f6 0.999 2591 655 2272 2230 1659 2094 1895 548
e05849cf8a8eb8d5ffcc0eac3911de854fdc85ca13d5b5f9625d7cd2b8566d4f 0.999 2226 289 2257 719 308 892 311 451
e07e5d28f2ae67d2a570542a636e6470c9bad97f7f45d053509af55c2554eddb 0.999 2227 528 1112 2838 863 2716 1991 416
e13e32556aead7af0ccd5a419f76dfd6920412b5ae471291b4d771069721cf6a 0.999 3174 1037 3072 1655 661 1275 750 672
e13e32556aead7af0ccd5a419f76dfd6920412b5ae471291b4d771069721cf6a 0.999 3029 1932 2964 2263 562 1854 615 1524
e13e32556aead7af0ccd5a419f76dfd6920412b5ae471291b4d771069721cf6a 0.999 2978 2368 2842 3312 354 2876 533 1926
e225e233a0134a3698832f068b95ab6392d1407441aae2a06a9ca2da647eea2d 0.999 2622 2665 2426 3055 722 2347 899 1938
e2b908da16f963962302540073e9a0312e69ec7c4792f05a87259483cb6ace86 0.999 3261 1840 2067 3187 1441 2676 2661 1282
e2b908da16f963962302540073e9a0312e69ec7c4792f05a87259483cb6ace86 0.999 2422 1063 1184 2451 707 2033 1938 636
e2c3e90b3ed590d98611f4b5243829555c3b6357322fd8cf8537816b9673b88d 0.999 1770 207 1814 2501 1485 2516 1443 218
e2c3e90b3ed590d98611f4b5243829555c3b6357322fd8cf8537816b9673b88d 0.999 754 224 785 2456 434 2475 402 237
e5d9b078b637ad90cf5f81ee5b47b7ab3dbd1f32aa80e18f4a63c84599974d42 0.999 2705 3975 2261 4667 661 3599 1082 2908
e626e16d7964af85e7387b2ba91eba51b278da7ccda7467419bd084dd40aba88 0.999 3061 904 3613 2009 2997 2315 2440 1214
e626e16d7964af85e7387b2ba91eba51b278da7ccda7467419bd084dd40aba88 0.999 2163 1142 2797 2428 2413 2614 1773 1330
e676c03c9f78551e64bfd40ee5f52110cf6b2bf54355a8ad7866e681bf9281fe 0.999 2467 2601 2357 3142 455 2714 574 2158
e706a4100ed644baece814f1f3ae7c7899a01198e89a5b63e9ab92e5709b014b 0.999 3459 1458 2751 3146 2324 2940 3037 1269
e706a4100ed644baece814f1f3ae7c7899a01198e89a5b63e9ab92e5709b014b 0.999 2448 1018 1720 2707 982 2383 1706 696
e706a4100ed644baece814f1f3ae7c7899a01198e89a5b63e9ab92e5709b014b 0.999 2958 1241 2257 2924 1806 2715 2516 1047
e88e9f046cc8de829d3a5b84c433ef0131f0feaf4ce53150019af2d806c62683 0.999 3073 2094 3445 2631 1870 3679 1522 3148
e8c8cc0535dfc78c172ba561e22c8ad4614be5b882cc5786bbc08e8156ef0377 0.999 2955 3254 2768 4193 2091 4096 2277 3137
e8c8cc0535dfc78c172ba561e22c8ad4614be5b882cc5786bbc08e8156ef0377 0.999 3201 1729 2977 3093 2295 2978 2520 1616
e8c8cc0535dfc78c172ba561e22c8ad4614be5b882cc5786bbc08e8156ef0377 0.999 2573 635 2462 1444 409 1143 524 338
e8ff81a2a975c8c42a24c3de3c0e78504b099b23f681bdf3a5b0a60a5ea79d0b 0.999 2717 2621 3127 3078 2264 3843 1859 3393
e8ff81a2a975c8c42a24c3de3c0e78504b099b23f681bdf3a5b0a60a5ea79d0b 0.999 2620 812 3148 1397 2361 2153 1788 1595
ea4fe24c760b17f102179cfc1f46344ade6b6301a899af69fe810e4fde02a90d 0.999 3462 3149 3205 3777 1279 3049 1502 2426
ea4fe24c760b17f102179cfc1f46344ade6b6301a899af69fe810e4fde02a90d 0.999 2301 3828 2147 4195 1022 3744 1170 3377
ea4fe24c760b17f102179cfc1f46344ade6b6301a899af69fe810e4fde02a90d 0.999 3897 1708 3494 2757 1643 2072 2026 1037
eab436e328161076de97feeb94984794715d31992992b7edcd42aa125986b7c5 0.999 2364 1180 2557 1518 1088 2372 887 2040
ed61147656bd4739937165ae44ca918caca10e5e8e72da2a284a97add3dbbf29 0.999 2788 1721 2752 2285 440 2124 482 1562
ed61147656bd4739937165ae44ca918caca10e5e8e72da2a284a97add3dbbf29 0.999 2720 3051 2690 3519 1526 3443 1565 2973
ed61147656bd4739937165ae44ca918caca10e5e8e72da2a284a97add3dbbf29 0.999 2810 1191 2779 1655 486 1482 527 1013
f0772662323eef35b7681c03e59e77e3ce12c5fd1d8706d6dd2ad07d4883821b 0.999 1439 372 1414 1025 722 976 746 324
f0772662323eef35b7681c03e59e77e3ce12c5fd1d8706d6dd2ad07d4883821b 0.999 1327 1707 1312 2367 689 2348 705 1690
f326a567d7297739591560dca965eaccb7080f89ef8c1bba75c347958989d497 0.999 2023 526 1551 2600 1131 2472 1597 419
f326a567d7297739591560dca965eaccb7080f89ef8c1bba75c347958989d497 0.999 2672 673 2100 2776 1636 2615 2188 544
f326a567d7297739591560dca965eaccb7080f89ef8c1bba75c347958989d497 0.999 4204 1125 3568 3221 2950 3042 3585 955
f378e94b9c2e4e01a89e96737a4d0b93f41cb34014a0ebc88f2e76a9f8b512f5 0.999 2379 2065 2046 2872 1456 2633 1795 1820
f378e94b9c2e4e01a89e96737a4d0b93f41cb34014a0ebc88f2e76a9f8b512f5 0.999 1925 3244 1703 3815 1103 3547 1330 2977
f4553519c5695717ef2a648b25a8174148387d00625326f49938fbe78ccd7f51 0.999 1435 813 1600 2760 823 2807 670 876
f4553519c5695717ef2a648b25a8174148387d00625326f49938fbe78ccd7f51 0.999 2335 805 2479 2704 1785 2744 1640 854
f512fa9a480f4c02fca0f03b0b6f5cf940a883240849202071a266f3053dc57b 0.999 2897 437 3327 2198 2778 2358 2322 585
f575b77abd721d3ee60eb0d7e59ae61ab2b39e55393ba1fcecdc54fb3b5c7fff 0.999 3162 821 2865 2637 2349 2534 2650 732
f575b77abd721d3ee60eb0d7e59ae61ab2b39e55393ba1fcecdc54fb3b5c7fff 0.999 2561 717 2282 2536 1750 2439 2038 632
f58a57c4a05682e0a4323197bed14dade915bd83f7f0e24a9fb170161b3f7e9c 0.999 2729 2033 3156 2489 2515 3114 2070 2679
f58a57c4a05682e0a4323197bed14dade915bd83f7f0e24a9fb170161b3f7e9c 0.999 3301 2887 3788 3444 3154 4035 2638 3517
f58a57c4a05682e0a4323197bed14dade915bd83f7f0e24a9fb170161b3f7e9c 0.999 2176 1062 2862 1749 1751 2822 1102 2184
f617005c255af0d847b212520c9f9c531c2bb71661ac4041420b983c63d1248b 0.999 2327 3204 2111 3566 671 2675 894 2325
f69631514b7942228f426365a7439a6546f23c263de31cfda83c1f5646e5e0df 0.999 2791 4045 2471 4470 560 2995 878 2567
f69631514b7942228f426365a7439a6546f23c263de31cfda83c1f5646e5e0df 0.999 3490 3154 3220 3517 1264 2039 1536 1679
f69631514b7942228f426365a7439a6546f23c263de31cfda83c1f5646e5e0df 0.999 4287 2115 3656 2975 1659 1506 2285 660
f6bb0c8f50849d3cb1b5cef309a5a8058d4da529a9451b365c9c0e8ef842fef7 0.999 2829 3127 2785 3489 1226 3310 1286 2950
f6bb0c8f50849d3cb1b5cef309a5a8058d4da529a9451b365c9c0e8ef842fef7 0.999 3131 973 2979 2076 561 1827 728 729
f6fa50c54e8f618d1d713cde3e45a0fc22aa75fb057a7f50a71e5cb90ded6562 0.999 2441 316 2639 2535 2323 2576 2114 347
f6fa50c54e8f618d1d713cde3e45a0fc22aa75fb057a7f50a71e5cb90ded6562 0.999 3006 268 3183 2505 2836 2525 2659 289
f7d721a3fedd9959a098402d8d5f62596ecf4ce632b3f83e5a66fd76a1f5ac4f 0.999 2221 1103 3716 2739 3385 3022 1895 1393
f7d721a3fedd9959a098402d8d5f62596ecf4ce632b3f83e5a66fd76a1f5ac4f 0.999 2651 719 4114 2373 3755 2695 2280 1046
f8906fa5b72d7a744076acd4d305d977be6bbe4b1dc3dd42258ddded7da1070a 0.999 2647 898 2488 1719 1916 1593 2071 778
f9e3e4df256c043394ec9271cc6ce10dee1ac26632d68460d69e7b0471daff8e 0.999 2415 1999 3228 3307 2728 3628 1891 2312
f9e3e4df256c043394ec9271cc6ce10dee1ac26632d68460d69e7b0471daff8e 0.999 2795 1764 3628 3050 3334 3243 2494 1941
f9e3e4df256c043394ec9271cc6ce10dee1ac26632d68460d69e7b0471daff8e 0.999 2972 760 4192 2712 3793 2944 2579 996
fa1a267f119f00945f852d5cea0f44b1cd2d5f74ddc39b203dfc955d242eb79d 0.999 2022 694 1524 2751 716 2558 1203 504
faec6b99ec5f8fff95531199277c5f73621e9b1e2cbfa35e553382995540caef 0.999 3046 1719 2364 2844 2099 2691 2798 1554
fb4bb7d491da7890fd5851a61f588ec892de4ebee4c0a98a77c859b03cb8e89d 0.999 3920 1772 2634 3814 2365 3641 3659 1627
fb4bb7d491da7890fd5851a61f588ec892de4ebee4c0a98a77c859b03cb8e89d 0.999 3051 1255 1803 3284 1417 3019 2676 1032
fb4bb7d491da7890fd5851a61f588ec892de4ebee4c0a98a77c859b03cb8e89d 0.999 2478 919 1265 2917 950 2727 2152 725
fb80f3e8549fca7532a1f48530866df5cb5ab98a0f0fcb1b5861aee5090ade56 0.999 4545 1983 4082 3058 3584 2857 3992 1758
fb80f3e8549fca7532a1f48530866df5cb5ab98a0f0fcb1b5861aee5090ade56 0.999 3941 3084 3560 4143 3192 4005 3585 2935
fb80f3e8549fca7532a1f48530866df5cb5ab98a0f0fcb1b5861aee5090ade56 0.999 3808 1747 3394 2789 2983 2624 3413 1593
fbbb59ea91f331616c10973f1385dc545d958f46385c6cdce2975624d905d05f 0.999 3904 3191 3170 3955 2397 3217 3190 2433
fc22d7f8d3a237d5641f282a5f007bdda59a0ec05944a822c84e227823c4a3db 0.999 2924 2828 2322 3423 2070 3189 2662 2591
fc22d7f8d3a237d5641f282a5f007bdda59a0ec05944a822c84e227823c4a3db 0.999 1413 1358 848 1942 609 1704 1176 1121
fdb38c16703312bce096a59a6cb2bd2b22e368eb06d39492f4fa19d81f94e1ff 0.999 2799 708 2919 1567 589 1900 479 1040
fe69bdd12c954b657fdd08af5f858fe6bd49beca87aa5d3c9cbd47d3ae6ae990 0.999 1979 910 3129 2526 2179 3185 1031 1594
feaec4aba1672b5be08e40b61d7494e3839a2cf585685e54151a31b076caeec5 0.999 2886 1032 2606 1559 1703 1086 1984 564
ff9be55923406e5a55c6c74613ea48460bd62071dd56ad50f5a64bf1414161c9 0.999 2471 1958 2752 2716 1027 3378 742 2631
ff9be55923406e5a55c6c74613ea48460bd62071dd56ad50f5a64bf1414161c9 0.999 2224 1288 2401 1781 648 2422 470 1943
